x,y
7.1058,8.1196
7.1874625000000005,8.03461875
7.2642634765625,7.94935166015625
7.336332577514648,7.863985202026367
7.403803265285491,7.778693766021728
7.466811978089809,7.6936399907290935
7.525497362504527,7.608975114176236
7.579999573040679,7.5248393429465565
7.6304596345274796,7.4413622354302085
7.677018863330785,7.358663095854037
7.719818343626141,7.276851376061314
7.762617823921498,7.195039656268592
7.801657555708905,7.114115356259319
7.837078623163908,7.0341879278767685
7.8690218782717425,6.955356970580642
7.897627417100385,6.87771263322681
7.923034111128198,6.801336023596856
7.945379189846378,6.726299622648412
7.964797871054383,6.652667700786007
7.981423035456679,6.580496733754751
7.995384942351801,6.509835816037571
8.009346849246922,6.43917489832039
8.02064549863487,6.370024029917286
8.02941114981418,6.302432305311186
8.03577144067746,6.236441437722834
8.039851103400448,6.172086172508031
8.041771721223398,6.109394698058412
8.041651523115732,6.048389052086481
8.039605213297614,5.989085521453939
8.035743832767036,5.931495033956402
8.030174650148705,5.875623540709128
8.024605467530373,5.819752047461855
8.017328482824286,5.765599548464845
8.008450964655148,5.713171994833356
7.998076409274376,5.662470361002288
7.986304431408978,5.613491027111902
7.97323068443223,5.566226151994543
7.958946807172386,5.520664035406961
7.943540394843328,5.476789468384342
7.927094991741212,5.434584070801106
7.909690103504154,5.394026615411695
7.892285215267096,5.353469160022284
7.873920841895096,5.314559646826697
7.85467648902627,5.277276848579376
7.834627623640694,5.241596690914788
7.813845686320093,5.2074925763882085
7.792398123070564,5.174935694996512
7.770348434505368,5.1438953204521685
7.747756240337782,5.1143390916718445
7.724677357279677,5.086233279108363
7.7011638885801235,5.059543035703107
7.67765041988057,5.0328527922978505
7.653702365539569,5.00757811805082
7.6293718288061925,4.983684165903398
7.604707199466714,4.961134971285524
7.579753243383216,4.939893703068101
7.554551203672227,4.919922899135832
7.52913891175767,4.90118468635759
7.503550906671044,4.883640984879717
7.47781856110325,4.867253696796964
7.451970212837104,4.8519848793677625
7.426121864570957,4.836716061938562
7.400157513606458,4.822565715162912
7.37410549772642,4.809495896299243
7.347991119805572,4.797468817769666
7.321836779243063,4.786447020375238
7.295662108775659,4.776393531055576
7.269484115300637,4.767272005359487
7.243317323462034,4.759046854905343
7.2171739208715415,4.751683360204598
7.19106390394628,4.7451477693010435
7.164953887021019,4.73861217839749
7.138877255760988,4.732904491291129
7.112844006583312,4.727990956025751
7.08686194471054,4.7238387881774875
7.060936830008435,4.720416269494059
7.035072523440631,4.717692832349774
7.009271133122407,4.715639130468851
6.983533159066736,4.7142270964488375
6.957857635819912,4.713429986679553
6.932242272281647,4.713222414302825
6.906626908743381,4.713014841926097
6.881071704913675,4.713396806941926
6.855574369692244,4.714342922492138
6.830131286332221,4.715829158470569
6.804737652260266,4.717832874482797
6.779387616081134,4.720332840846673
6.754074411061612,4.723309248278935
6.728790484486273,4.726743706963029
6.703527622368482,4.730619235729392
6.678277069084657,4.734920242103452
6.653026515800831,4.739221248477511
6.627788271350971,4.743947732459267
6.6025535801114925,4.749084101574148
6.577313144821865,4.754616152042576
6.55205724621886,4.76053104882797
6.526775857594057,4.766817296552487
6.50145875384257,4.7734647020357635
6.476095614655557,4.780464329236023
6.45067612158715,4.78780844738489
6.425190048798344,4.795490473109044
6.399703976009537,4.803172498833199
6.374151323500332,4.811192432132642
6.348521865431722,4.819543689634053
6.3228054685715644,4.82822083535917
6.296992183038469,4.837219522846444
6.271072326722633,4.846536431259528
6.245036563186157,4.856169196275731
6.2188759729172105,4.8661163365492985
6.192582117878027,4.876377176535874
6.166147099346207,4.886951766447458
6.1397120808143875,4.897526356359043
6.113135898789932,4.908414696195637
6.0864106545504395,4.919616836169241
6.059528988688877,4.931133552248212
6.032484138954878,4.9429662661122205
6.005269991389351,4.955116962237702
5.977881124751866,4.967588102883111
5.950312848299794,4.980382541726245
5.922561233031587,4.993503436880349
5.8946231365540065,5.00695416398337
5.866685040076426,5.020404891086391
5.838560462389473,5.034185450138331
5.810246261099911,5.048299216777133
5.781740080422818,5.062749784165445
5.75304037604883,5.0775408760798655
5.724146433635348,5.092676260073349
5.695058381081564,5.108159661405134
5.665777194794596,5.123994678400233
5.636304700195598,5.140184699861432
5.606643566750429,5.1567328251126305
5.576982433305259,5.173280950363829
5.5471326610139196,5.190187179405027
5.517096919342267,5.207454611560124
5.486878721800866,5.225086056674131
5.456482420975659,5.243083955156511
5.425913198083208,5.261450300655849
5.395177047335113,5.2801865659446925
5.36428075543198,5.2992936325492765
5.333231876537312,5.318771724609704
5.302038703106076,5.338620347403792
5.27084552967484,5.35846897019788
5.239508061707038,5.378688123725627
5.208034591657639,5.399277313264854
5.176434150273078,5.420235325231092
5.144716477419829,5.441560165701434
5.112891988767661,5.463249003602042
5.08097173870234,5.485298118992505
5.048967379866932,5.507702856827863
5.016891119749665,5.5304575865234415
4.984755674749629,5.553555667590488
4.952620229749594,5.5766537486575345
4.920425599866791,5.60009518109605
4.888184501500312,5.623873324417281
4.855910159960116,5.647980528228398
4.823616263532732,5.672408097868133
4.791316915024817,5.697146266113221
4.759026581215858,5.72218417122364
4.726760040664673,5.747509841537475
4.694532330322266,5.773110186767578
4.66235869140625,5.798970996093749
4.6301850524902335,5.824831805419921
4.5980654850006095,5.850953078842162
4.56601523015499,5.877320605540275
4.534049733437597,5.903919054161012
4.502184590473678,5.930731970910262
4.470435492165485,5.957741784440767
4.438818169545021,5.9849298176291
4.4073483388013726,6.0122763062772355
4.376041646937862,6.03976042471583
4.344913618506464,6.0673603182301745
4.313785590075065,6.094960211744519
4.282836225075776,6.122675880334616
4.252081048060571,6.150485469285757
4.22153546113007,6.178366094837873
4.191214690667959,6.20629387661149
4.161133735152664,6.234243976856355
4.1313073144937675,6.262190646443693
4.101749821332858,6.2901072774668645
4.072475274735691,6.317966462261014
4.043497276684732,6.345740058601865
4.014519278633774,6.373513654942716
3.9858378291290246,6.401201662830271
3.9574665301529492,6.4287759400402535
3.9294185666047214,6.4562076097889705
3.9017066627927632,6.48346712593211
3.8743430417276596,6.51052434434269
3.847339387624519,6.537348600228311
3.820706812006046,6.563908791097461
3.794455823774862,6.590173465037882
3.768596303596072,6.616110913928909
3.742736783417282,6.642048362819937
3.7172687312908868,6.66765858666157
3.6922020278819923,6.692909877333145
3.6675459256181906,6.717770270505585
3.6433090230721312,6.742207638853735
3.619499243654344,6.766189790202649
3.5961238189573277,6.789684570229696
3.5731892770643876,6.812659969303193
3.5507014361044167,6.835084233002576
3.5286654032968925,6.856925975836721
3.5066293704893683,6.878767718670867
3.485045145834291,6.900026940639777
3.4639178365511376,6.920672256252331
3.4432518389499727,6.940672648946854
3.423050837476443,6.959997584809438
3.4033178092469956,6.978617129490425
3.3840550343185876,6.996502067835648
3.3652641119002533,7.013624025720623
3.3469459826723624,7.029955593554757
3.3291009573334263,7.045470450910429
3.3112559319944896,7.0609853082661
3.2938840105445077,7.075683455143311
3.276985503681992,7.089538571114442
3.260560092123595,7.102525424914852
3.2446068551509177,7.114619999071965
3.2291243053848637,7.125799615659261
3.2141104299073993,7.136043062630042
3.1995627378045985,7.145330720173745
3.185478314154426,7.153644686534408
3.1718538804279977,7.160968902738529
3.1582294467015695,7.16829311894265
3.1450650028988854,7.17462758499023
3.1323572704910614,7.179956241907767
3.120102607342365,7.184264873504225
3.108297068111477,7.18754123109889
3.0969364710662326,7.1897751571586355
3.0860164712805784,7.190958707291832
3.0755326401277867,7.19108627005377
3.0654805509249456,7.190154684036877
3.0558558705206553,7.188163351749903
3.046231190116365,7.186172019462931
3.037033918510625,7.183120940905879
3.028259722552035,7.179009518587501
3.0199043626207054,7.173839718932872
3.0119637842159523,7.167616186162584
3.0044342154871915,7.160346352960893
2.997312270499953,7.1520405474370365
2.990595057965816,7.142712095914783
2.984280295097829,7.132377421128751
2.978366426181794,7.121056135463716
2.9724525572657594,7.109734849798681
2.966939582301677,7.097426953254642
2.9618259455753497,7.084152058216372
2.957110818445334,7.069932966718801
2.952794217914224,7.054795763686315
2.9488771299157994,7.038769905215051
2.945361636908411,7.021888301534391
2.9422510492937892,7.004187394341583
2.9395500401053187,6.985707228275385
2.937264782330884,6.966491516382595
2.934979524556449,6.947275804489804
2.9331100181960506,6.927324546770421
2.931662436237571,6.9066814562712455
2.930644451623394,6.885393914447121
2.9300653745732426,6.863513036627473
2.9299362925415977,6.841093731475745
2.930270212174781,6.81819475429562
2.9310822025538883,6.7948787541259
2.9323895389270094,6.771212314669943
2.9342118460478295,6.747265989227334
2.9360341531686496,6.723319663784726
2.9383714310371687,6.699093452355466
2.941243304407072,6.674657908239144
2.944671747537641,6.650087554331577
2.9486812275323544,6.625460918056495
2.953298847283874,6.6008605602994574
2.9585544871425045,6.576373098511711
2.964480944338876,6.552089224273457
2.9711140691016125,6.528103715745594
2.978492896317321,6.504515445598086
2.9858717235330294,6.480927175450579
2.993996253201711,6.457736143683426
3.0029055202099726,6.435041222966591
3.0126417441024067,6.412945380479103
3.0232504607415795,6.391555685837425
3.034780649510341,6.3709833145004495
3.04728485490379,6.351343547239276
3.0608193012647855,6.332755766419037
3.0754439993200124,6.3153434500186485
3.0912228430734014,6.2992341645143
3.1070016868267905,6.283124879009952
3.1239346762783415,6.268318624401646
3.1420857054319855,6.254942967165572
3.1615225515689005,6.243129562275197
3.1823169721409332,6.23301414608475
3.204544792021382,6.22473652807646
3.2282859796699466,6.218440582597314
3.253624710668465,6.214274241911099
3.2806494169805656,6.212389492112611
3.309452820181754,6.212942373695212
3.3382562233829427,6.213495255277812
3.368838323473219,6.216485768241501
3.4012918420280887,6.222069953079639
3.4357137902349324,6.230407904684148
3.4722055021230913,6.241663772913065
3.510872651764383,6.2560057678114305
3.5518252526905587,6.273606171276661
3.5951776376676072,6.294641357203813
3.641048416857041,6.31929182241338
3.6895604122816104,6.347742230956362
3.7380724077061798,6.376192639499344
3.7892256193658858,6.40844299137574
3.8431428692834784,6.444677950636548
3.899951191342948,6.485086348563271
3.9597817657552357,6.52986122797298
4.022769829828373,6.579199900900651
4.089054562959479,6.6333040222534745
4.158778943653333,6.692379682323959
4.232089576256581,6.75663752136543
4.309136484978119,6.826292869776978
4.386183393699655,6.895948218188526
4.4669665785394805,6.97100107597015
4.551636063706488,7.051666773520941
4.640345293271821,7.138165331385751
4.733250925189257,7.230721600440145
4.830512592601776,7.329565427684784
4.932292630004883,7.434931851196289
5.03875576171875,7.547061328125
5.15006875,7.6662
5.2664,7.7926
