x,y
1.3832,0.9768
3.4635,2.96905
4.72445625,4.517025
5.394626562500001,5.7019421875
5.674227343750001,6.564544140625001
5.722473925781251,7.135807910156251
5.656304516601563,7.4495975830078125
5.554832543945313,7.545473376464844
5.453360571289062,7.641349169921875
5.3165860351562495,7.519311083984375
5.223622363281249,7.2189193359375
5.215758203124999,6.7854302734375
5.300909765624999,6.27260546875
5.463801562499999,5.73567734375
5.676220312499999,5.222684375
5.888639062499999,4.70969140625
6.150584765624999,4.22063359375
6.433844140624999,3.8035494140625
6.69726611328125,3.4992833984375
6.89701572265625,3.332821337890625
6.996901196289063,3.302995068359375
6.9731189697265625,3.3787698852539063
6.9493367431640625,3.4545447021484375
6.801886816406251,3.63592060546875
6.506965625,3.8918628906249997
6.0531578125,4.1614703125
5.44618125,4.3502624999999995
4.70805,4.33305
3.865,3.9716
