x,y
7.6168,1.8029
7.5570375,1.789453125
7.4951935546875,1.77770390625
7.431455279541016,1.7676623229980468
7.36600267572403,1.759335744667053
7.299008781060577,1.752728926232457
7.230639824259654,1.7478440174018963
7.16105538167939,1.7446805843104811
7.0904085359835705,1.7432356425206423
7.01976169028775,1.7417907007308036
6.948052441476376,1.742064250242541
6.8754338722132315,1.744053306618286
6.802052571467763,1.74775233484779
6.728048793171599,1.7531532823479732
6.653556616767443,1.7602456232673487
6.578704109002917,1.7690164128839967
6.503613486383646,1.7794503509614614
6.428522863764374,1.789884289038926
6.353194126290356,1.8019813755772072
6.277749490467217,1.8157263103398489
6.2023053225585825,1.8311014375758585
6.126972301039162,1.8480868093756022
6.051855579707061,1.8666602579846217
5.977054950869607,1.8867974759397383
5.9026650080786105,1.9084721029672083
5.828275065287615,1.9301467299946784
5.754295808543078,1.9533587660945018
5.680821831396811,1.9780818509929345
5.607942528645113,2.0042875716056674
5.535742259064038,2.0319455489359792
5.4643005076941105,2.061023531734943
5.393692047150433,2.0914874958634373
5.323987097495794,2.123301748371124
5.254282147841156,2.1551160008788104
5.185480709075556,2.1882805417656894
5.1176530012617825,2.222759678081423
5.050864691910311,2.2585160480644553
4.985177055852413,2.295510725220991
4.9206471336762645,2.3337033271209338
4.857327888263679,2.3730521279259382
4.795268359026728,2.4135141737401264
4.733208829789778,2.453976219554315
4.672409016728462,2.4955515103776875
4.612917959254853,2.5381970923143666
4.554780773311282,2.5818687834109406
4.4980388056069645,2.626521289007179
4.4427297855545245,2.6721083199094045
4.388887974505698,2.718582712477073
4.336544311947167,2.76589654978849
4.2842006493886355,2.8132103870999066
4.2333551353204015,2.861363669155072
4.184038709229148,2.9103084790322926
4.136278988736507,2.959996146528725
4.090100415794899,3.0103773693260965
4.045524399843498,3.061402335235563
4.002569457585299,3.113020844687649
3.961251349107874,3.165182432708588
3.9199332406304492,3.2173440207295263
3.8802519659337995,3.270048687319318
3.8422232851054985,3.323245967504196
3.805860201617703,3.3768851309061048
3.7711730984479193,3.4309153037190434
3.73816987054348,3.485285590171814
3.706856053352356,3.5399451927185055
3.6772349472045898,3.594843530273437
3.647613841056824,3.649741867828369
3.6196854459524155,3.70487894039154
3.593453062221408,3.760204166877269
3.5689177550759164,3.815667182660102
3.546078478991566,3.871217957809753
3.524932197939552,3.9268069133704984
3.5054740012536225,3.9823850350017502
3.487697214977943,4.037903983371915
3.469920428702263,4.093422931742079
3.4538250528368337,4.148882706851156
3.43940441342582,4.204234969367551
3.4266500732238043,4.2594320549686655
3.415551943043652,4.314427084734755
3.4060983885852565,4.369174072296078
3.398276332591137,4.423628027125447
3.392071352236509,4.477745053443684
3.385866371881881,4.531862079761922
3.3812784671667444,4.585642177569028
3.3782932152663157,4.639041451085824
3.376894847788509,4.692017099281144
3.3770663481640115,4.744527514777285
3.3787895442708367,4.796532378368376
3.382045196200994,4.847992748619144
3.386813079138574,4.898871146087
3.391580962076154,4.949749543554857
3.397861076021158,5.0000459682398
3.405633196157677,5.049722940699243
3.4148761127618843,5.098744443483277
3.4255677140801217,5.147076005356758
3.437685064318404,5.194684780144691
3.451204476712644,5.241539619743824
3.466101581710577,5.287611140918731
3.48099868670851,5.333682662093639
3.497273484310135,5.378970864844322
3.5149016049631867,5.423446365935355
3.53385799632722,5.467081546999141
3.5541169914555324,5.509850621331996
3.575652372088782,5.551729694474721
3.5984374270912753,5.592696818195973
3.62244500612257,5.632732037572075
3.6464525851538645,5.672767256948177
3.67168268821396,5.711870571979129
3.698108164962414,5.750022027741256
3.7257014258540337,5.787203662618552
3.7544344958104805,5.823399555382505
3.784279063127184,5.858595865368377
3.815206523708219,5.892780865441635
3.8471880207834532,5.92594496752359
3.879169517858687,5.959109069605544
3.91220505142812,5.991252273696196
3.9462657647216197,6.022364991716855
3.9813225482948456,6.052439774644679
4.0173460797464,6.081471338038311
4.054306858917247,6.109456580122742
4.092175238726722,6.136394592202455
4.130921451861115,6.162286661247329
4.169667664995506,6.1881787302922024
4.209291711454815,6.213024856302236
4.249763823925331,6.236826326247305
4.291054114860296,6.25958662276268
4.333132603168488,6.281311426734924
4.375969236755371,6.302008612060547
4.419533911132813,6.3216882324218755
4.463796484375,6.3403625
4.508059057617187,6.359036767578125
4.5530195297241205,6.376705682373047
4.598647758769989,6.393381456565857
4.644913565391302,6.409078460836411
4.691786747742816,6.423813203076273
4.739237092799669,6.437604299038742
4.78723438428338,6.450472434845796
4.835748407551045,6.462440321347235
4.88426243081871,6.474408207848674
4.933293185870328,6.485475845044497
4.982810458062996,6.4956659437845
5.032784034389384,6.505003239646298
5.083183708366935,6.513514447294455
5.133979281890247,6.521228206691798
5.185140564385977,6.528175021158159
5.2366373696712545,6.534387187347188
5.288134174956532,6.5405993535362175
5.339966503031359,6.546076871447917
5.3921041677128665,6.550852037735935
5.44451698720866,6.554958942387742
5.497174780975234,6.558433398701437
5.5500473642799015,6.561312865180633
5.603104540867228,6.56363635941805
5.656316094192643,6.565444364113851
5.709527647518058,6.567252368809653
5.762893577581561,6.568544883963838
5.81638366783858,6.569362392276572
5.869967681455403,6.569746841555462
5.923615352542791,6.5697415507338945
5.977296375956759,6.569391108024121
6.030980396129191,6.568741261351109
6.084636995452643,6.567838801288604
6.138293594776094,6.5669363412261
6.191922773250565,6.5657812677741045
6.2454941132686095,6.564420371506363
6.298977135183453,6.562901485645398
6.352341285693779,6.56127336899857
6.40555592578271,6.559585581396334
6.458590318735277,6.5578883518541256
6.511413618820424,6.5562324397546945
6.564236918905571,6.554576527655263
6.616849126123296,6.55296193299861
6.669219394742541,6.551439415167481
6.721316770016156,6.550060263911937
6.773110176862895,6.548876160531677
6.82456840921393,6.547939032078814
6.875660120609879,6.547300898877904
6.9263538166960466,6.547013715735449
6.977047512782214,6.546726532592996
7.027343193558598,6.546790299508999
7.0772093646705,6.547256971289961
7.126614383867905,6.548178437224332
7.175526453500709,6.549606362292007
7.22391361491215,6.551592022063297
7.2717437453781155,6.554186131659581
7.318984558301662,6.557438669223223
7.366225371225209,6.560691206786865
7.412876866606337,6.564602172317868
7.458906757848103,6.569221543958597
7.5042825944807365,6.57459856287241
7.54897176235616,6.580781556713582
7.592941487097739,6.587817757606507
7.636158841514586,6.595753115081788
7.678590757751463,6.604632104492188
7.72102267398834,6.613511093902588
7.762669152045248,6.623333715248108
7.803497124066947,6.634144443881512
7.843473381533844,6.645986280977727
7.8825645874118875,6.658900561949798
7.9207372930380435,6.672926760344721
7.957957960512374,6.688102287742133
7.994192991429402,6.704462290254261
8.03042802234643,6.720822292766389
8.065677416706153,6.738366770393234
8.099907576103096,6.75713086924702
8.13308484162624,6.777147469972563
8.165175522590388,6.798446984247212
8.196145931606825,6.821057147882041
8.225962426825927,6.845002811122686
8.254591462246118,6.870305726823584
8.28322049766631,6.895608642524481
8.310662073287594,6.922268810685631
8.336882643108398,6.950307984161471
8.361848756975203,6.979744818415238
8.385527110891488,7.010594659693214
8.407884605393026,7.0428693310723816
8.428888412883847,7.076576917055267
8.44850605488892,7.11172154746114
8.468123696893992,7.146866177867013
8.486355173413315,7.183447852695874
8.503168005971862,7.221470701766993
8.518530065215542,7.260934900216387
8.532409648163895,7.30183645238802
8.544775565379485,7.344166975021364
8.555597239010037,7.387913480484487
8.564844812721015,7.433058160877229
8.574092386431992,7.478202841269971
8.581765860223399,7.524745696592332
8.5878353777607,7.572668918944151
8.5922718042271,7.62194988015704
8.595046836256127,7.672560915897555
8.59613312375464,7.724469110640465
8.595504404633985,7.777636084336663
8.593135653528645,7.832017781675678
8.590766902423304,7.886399479014694
8.58665811933328,7.941995899996527
8.580784278893056,7.998762989310709
8.573121592460259,8.056651016385409
8.563647656834306,8.11560436464995
8.552341616962568,8.175561323391925
8.539184343713396,8.236453883108869
8.52415862785706,8.298207535329833
8.509132912000725,8.359961187550798
8.492238753537226,8.422575932275782
8.473458943236828,8.485977261033838
8.452778191771719,8.550084166385535
8.430183323696937,8.614808941744524
8.405663487639217,8.680056985669019
8.379210383834785,8.745726611598512
8.350818510218797,8.811708864086473
8.322426636602808,8.877691116574432
8.292095993175264,8.943985995620862
8.259821077871322,9.010484545779228
8.225599186325073,9.07707054271698
8.189430657958985,9.143620309448242
8.151319140625,9.2100025390625
8.111271875,9.276078125
8.0693,9.3417
