x,y
7.1058,8.1196
8.4124,6.7599
8.474450000000001,5.327025
7.8229875,4.5847625
7.2390437499999996,4.50515
6.87408125,4.61379375
6.568199999999999,4.703346874999999
6.1857921875,4.815896093749999
5.705757421875,5.038103906249999
5.177136914062499,5.385198046874999
4.66235869140625,5.798970996093749
4.14758046875,6.2127439453125
3.64664453125,6.693195703125
3.2219789062500004,7.182118750000001
2.9493984375,7.547870312500001
2.8613500000000003,7.583371875000001
2.8777687500000004,7.11811875
2.8467375,6.2693625
2.828475,5.6067
3.4051,5.7702
5.2664,7.7926
