x,y
2.9255,1.7041
2.894371875,1.7388906249999998
2.864140966796875,1.7739482666015622
2.834802331542969,1.8092581729888915
2.8063508605480196,1.844805755317211
2.7787812842413784,1.8805765907507388
2.751211707934737,1.9163474261842666
2.7245240263164043,1.9523415147230025
2.6987129698157313,1.9885444335311648
2.673773107981682,2.024941925781965
2.649698853445053,2.061519903695583
2.6256245989084244,2.098097881609201
2.602415951669216,2.134856345185637
2.580067324358225,2.171781206645071
2.5585729726880793,2.2088585472546516
2.5379269994154576,2.246074620366469
2.517281026142836,2.2832906934782864
2.4974834312677388,2.32064549909234
2.4785283175468447,2.358125290560722
2.460409634780884,2.3957164933204647
2.4431211837768556,2.4334057079315183
2.425832732772827,2.471094922542572
2.4093745135307314,2.5088821490049362
2.393740326857567,2.546753987878561
2.378923824566603,2.584697214846313
2.364918513439596,2.6226987837519493
2.350913202312589,2.660700352657586
2.337719082349539,2.6987602635011076
2.325329660332203,2.736865470126271
2.313738298010826,2.7750031045377255
2.3029382160663605,2.813160479938984
2.2921381341218945,2.8513178553402425
2.28212933255434,2.889494971731305
2.2729050320446484,2.927679142315686
2.2644583122044795,2.9658578614957634
2.2567821155384173,3.0040188079107555
2.2491059188723557,3.042179754325748
2.242200245380401,3.080322927975655
2.236058037567138,3.118436007499695
2.230672100830078,3.1565068557739258
2.2260351074218745,3.194523522949219
2.221398114013671,3.232540190124512
2.2175100639343257,3.2705026762008664
2.214363629436493,3.308399031329155
2.2119513496279715,3.3462174929350614
2.2102656344339247,3.3839464887570587
2.2085799192398783,3.4216754845790565
2.2076207686603064,3.459315014617145
2.207380592620372,3.496853506609797
2.207851671862602,3.534279578608274
2.2090261619091027,3.5715820420145983
2.2102006519556037,3.6088845054209227
2.2120785528063767,3.6460633602350945
2.2146520199835296,3.6831074178591363
2.217913083788752,3.7200056830458337
2.2218536532655353,3.7567473569367076
2.225794222742319,3.7934890308275815
2.230414297890663,3.830074113422632
2.2357057877540587,3.86649180586338
2.2416604801177975,3.9027315056800838
2.248270045471191,3.9387828098297115
2.2548796108245845,3.974834113979339
2.262144049167633,4.0106970224618905
2.2700550309896466,4.046361132234335
2.2786041094839566,4.081816239680349
2.2877827245101328,4.117052343648298
2.296961339536309,4.1522884476162485
2.30676949109435,4.187305548106133
2.3171986190438267,4.222093643966317
2.328240049910545,4.256642936509847
2.3398850008487697,4.290943832552433
2.3515299517869948,4.325244728595018
2.3637784227967265,4.359297228136658
2.3766216310322283,4.3930917379930605
2.3900506842762232,4.426618870482592
2.404056584902108,4.459869446464254
2.4180624855279924,4.4931200224459165
2.4326452335357667,4.526094041919707
2.447795831298828,4.5587823257446285
2.4635051757812496,4.591175903320312
2.4797640624999997,4.623266015624999
2.49602294921875,4.655356127929687
2.5128313781738276,4.6871427749633785
2.530180144882202,4.718617197704314
2.548059943413734,4.749770848709344
2.5664613703534003,4.780595395151898
2.5848627972930664,4.811419941594451
2.603785852640867,4.841915383474528
2.6232211329817767,4.872073387965559
2.6431591374158856,4.901885836857556
2.6635902715206146,4.931344829595088
2.6840214056253435,4.96080382233262
2.704945669400692,4.9899093589156855
2.7263534684240818,5.018653538788854
2.748235114750266,5.047028679051249
2.7705808308735485,5.075027317494525
2.7929265469968314,5.103025955937802
2.815736332917213,5.13064809256196
2.839000411128998,5.157886265158653
2.8627089145660403,5.184733232212066
2.886851890563965,5.2111819759368885
2.9109948665618894,5.237630719661712
2.9355723151206967,5.263681240057945
2.9605742835760114,5.2893265193402765
2.9859907336652274,5.3145597634539
3.011811545489728,5.33937440511249
3.0376323573142288,5.364189046771079
3.0638575308740137,5.388585085974634
3.0904769462704653,5.412555955436826
3.1174804019689555,5.4360953146398066
3.1448576187610624,5.459197052872181
3.1722348355531693,5.482298791104554
3.199985813438892,5.504962908366322
3.22810027320981,5.527183293946086
3.256567857983708,5.548954066938906
3.2853781371667976,5.570269579284265
3.3141884163498876,5.591585091629624
3.343341389942169,5.612445343327522
3.3728266273498533,5.632844686317444
3.402633624267578,5.652777705383301
3.432751806640625,5.672239221191406
3.462869989013672,5.691700736999511
3.4932993568420407,5.710690749549865
3.524029336071014,5.729204079508781
3.5550492828965186,5.747235783424973
3.586348487727344,5.7647811567675316
3.6176476925581693,5.78232653011009
3.6492261553943157,5.799385572879016
3.6810731666445733,5.815953580543399
3.7131779509305956,5.832026087492704
3.745529671049118,5.847598870074749
3.7778813911676403,5.863171652656794
3.8104800471186637,5.878244710871577
3.843314801698923,5.892813821066916
3.876374755880237,5.9068750015489755
3.9096489527717235,5.920424515620246
3.94292314966321,5.933974029691516
3.9764115892648695,5.947011877351998
4.010103314685821,5.959534321904181
4.0439873111724856,5.9715378716468805
4.078052510070801,5.983019282913207
4.112117708969117,5.994500694179534
4.146364110279084,6.0054599669694895
4.180780645346642,6.015893857616186
4.215356191617252,6.025799370487034
4.250079576598109,6.035173761021718
4.284802961578967,6.044548151556402
4.319674185270072,6.053391419754922
4.354682075178624,6.061700821056961
4.389815408873559,6.069473861974477
4.42506291794777,6.0767083031296725
4.46031042702198,6.083942744284867
4.495672111475468,6.090638585677742
4.531136702901125,6.0967935879305
4.566692886915803,6.10240576577559
4.602329307122528,6.107473391093685
4.637965727329254,6.112541016411781
4.6736823837280275,6.117064089202881
4.709467919921876,6.121040881347656
4.7453109375,6.124469921875
4.7812,6.12735
4.8170890625,6.130230078125
4.853024169921875,6.132561193847656
4.888993885803223,6.134342136383056
4.924986735630036,6.135571955132484
4.96099121079892,6.136249962721392
4.9969956859678035,6.1369279703103
5.033011786478758,6.137054166738689
5.0690280037283895,6.13662786463201
5.105032795023918,6.1356486398398875
5.141014587545395,6.134116334474086
5.176996380066871,6.132584029108285
5.212955173814297,6.130498643168806
5.248879395967722,6.127860018767416
5.284757443580032,6.124668264278024
5.320577687539161,6.120923757374658
5.3563979314982895,6.117179250471294
5.392160371804238,6.112881991153955
5.42785337934494,6.108032357096672
5.463465298843384,6.102630995273589
5.498984452819824,6.096678824996948
5.534503606796265,6.0907266547203065
5.5699299952507015,6.0842236759901045
5.605251940703392,6.077170808118582
5.640457743471861,6.069569242756069
5.675535685633123,6.061420446928963
5.710613627794385,6.053271651101857
5.74556370934844,6.044575624810159
5.780374212372303,6.035333835080266
5.815033400702477,6.0255480243146415
5.849529523897171,6.015220213329792
5.884025647091866,6.004892402344942
5.918358705151081,5.994022591140866
5.952516947633027,5.982612800534069
5.9864886098176235,5.970665329755097
6.020261916668713,5.958182759486512
6.0540352235198025,5.945700189217925
6.087610175037384,5.932682519459725
6.1209749961853035,5.919132330894471
6.154117901611329,5.905052485656739
6.1870270996093755,5.890446130371094
6.219936297607422,5.875839775085449
6.25261178817749,5.860706909751892
6.285041779613495,5.845050680994987
6.317214473855496,5.82887451992929
6.349118070451916,5.812182145197317
6.381021667048336,5.795489770465344
6.412656165999175,5.778281182067095
6.444009766852857,5.76056009864509
6.475070666766168,5.74233052636981
6.5058270644664775,5.723596761977673
6.536583462166787,5.7048629975855345
6.567035357654095,5.68562504107654
6.597170949655772,5.665887189187108
6.626978438469768,5.645654029219597
6.656446029926837,5.624930442080274
6.685913621383905,5.604206854940951
6.715041315484047,5.582992840629816
6.7438173180580145,5.561293280053139
6.772229840469361,5.539113347721099
6.800267103576661,5.516458514785766
6.828304366683961,5.493803681850433
6.855966370487214,5.470673948311806
6.883241335844994,5.44707478532195
6.910117493110896,5.423011960674822
6.936583086095752,5.398491541844233
6.963048679080607,5.3739711230136455
6.989103707784416,5.348993109999597
7.01473641601801,5.323563570275903
7.039935061049462,5.297688870996237
7.0646879175663,5.271375682032108
7.089440774083139,5.24506249306798
7.113747842085362,5.218310814419389
7.137597396260501,5.191127315957845
7.16097772871554,5.1635189702726905
7.183877152939142,5.1354930557090785
7.206776577162744,5.107467141145467
7.2291950931549085,5.079023657703399
7.251121014404298,5.050169883728027
7.27254267578125,5.020913403320312
7.2934484375,4.9912621093750005
7.314354199218751,4.9616108154296885
7.334744061279297,4.931564707946778
7.354606383895874,4.901131679821015
7.37392955262661,4.8703199327409274
7.392701982335747,4.8391379802268
7.411474412044884,4.807956027712674
7.429696102732421,4.776403869764508
7.4473554692626,4.744490019902588
7.464440955805779,4.712223303478957
7.480941039800645,4.679612860715391
7.497441123795511,4.647002417951824
7.513355805242063,4.61404824884832
7.528673561578991,4.580759493626656
7.543382903513313,4.547145607378335
7.557472378982604,4.513216363102571
7.571561854451895,4.479287118826807
7.585031463456154,4.445042516523601
7.597869753932954,4.410492329192163
7.610065311050416,4.375646647739411
7.621606761169434,4.340515884017945
7.633148211288452,4.305385120296479
7.644035554409027,4.269969274306298
7.654257416892051,4.2342787579
7.663802466291189,4.198324303875864
7.672659415315092,4.162116969015822
7.681516364338995,4.12590963415578
7.689685212987662,4.089449418459833
7.697154673969746,4.052747378709913
7.703913505148888,4.015814895671607
7.709950513505936,3.97866367713213
7.715987521862983,3.941512458592653
7.721302707397937,3.9041425045520066
7.725884877091646,3.866565522797406
7.729722887042165,3.8287935481376945
7.732805646426976,3.7908389454413203
7.735888405811787,3.752884342744946
7.7382159146308895,3.714747112011909
7.739777082061767,3.6764396181106567
7.740560870361328,3.6379745559692385
7.740556298828125,3.5993649536132812
7.740551727294921,3.560755351257324
7.739758795928955,3.5220012086868286
7.738166524028778,3.483115553927422
7.73576398793459,3.4441117481023076
7.732540324990452,3.405003488470242
7.729316662046314,3.3658952288381756
7.725271872252225,3.326682515399158
7.720395092952251,3.287379045411944
7.714675522494316,3.2479988522708414
7.708102424192428,3.208556308543682
7.70152932589054,3.1691137648165224
7.6941026997447,3.129608870503306
7.685811809068918,3.0900559981718656
7.676645982143283,3.050469859563559
7.666594616176188,3.010865508631244
7.6565432502090935,2.971261157698929
7.645606345200539,2.9316385944426058
7.633773298358918,2.892012872815132
7.621033575820923,2.8523993889808654
7.60737671661377,2.8128138843536377
7.593719857406616,2.77322837972641
7.579145861530304,2.733670854306221
7.563644268012046,2.6941570495069027
7.547204688769579,2.6547030519917607
7.529816812573373,2.615325296711549
7.512428936377168,2.5759475414313378
7.494092763227225,2.5366460283860564
7.4747979818940165,2.49743719252646
7.454534358000755,2.45833781709075
7.433291737985611,2.4193650366425516
7.412049117970467,2.3803922561943534
7.389827501833439,2.3415460707336666
7.3666167360126975,2.3028436148241163
7.34240674776137,2.26430237435475
7.317187549109757,2.225940189578012
7.291968350458146,2.187578004801274
7.265739941406251,2.1493948757171637
7.238492333984375,2.1114086425781253
7.210215625,2.0736375000000002
7.1809,2.0361
