x,y
1.0,0.0
1.0625,0.25
1.125,0.48046875
1.1875,0.693603515625
1.25,0.891326904296875
1.3125,1.0753154754638672
1.375,1.2593040466308594
1.4375,1.4295578002929688
1.5,1.5877532958984375
1.5625,1.735321044921875
1.625,1.87347412109375
1.6875,2.011627197265625
1.75,2.1403656005859375
1.8125,2.2609024047851562
1.875,2.3742332458496094
1.9375,2.4811649322509766
2.0,2.5880966186523438
2.0625,2.688629150390625
2.125,2.7835693359375
2.1875,2.87353515625
2.25,2.958984375
2.3125,3.04443359375
2.375,3.1253662109375
2.4375,3.202239990234375
2.5,3.2753524780273438
2.5625,3.344869613647461
2.625,3.414386749267578
2.6875,3.4803085327148438
2.75,3.5428009033203125
2.8125,3.601898193359375
2.875,3.65753173828125
2.9375,3.713165283203125
3.0,3.7653350830078125
3.0625,3.8139724731445312
3.125,3.858905792236328
3.1875,3.8998889923095703
3.25,3.9408721923828125
3.3125,3.9779052734375
3.375,4.0107421875
3.4375,4.0390625
3.5,4.0625
3.5625,4.0859375
3.625,4.1044921875
3.6875,4.1177978515625
3.75,4.1254425048828125
3.8125,4.126996994018555
3.875,4.128551483154297
3.9375,4.124015808105469
4.0,4.1129608154296875
4.0625,4.094940185546875
4.125,4.06951904296875
4.1875,4.044097900390625
4.25,4.0112762451171875
4.3125,3.9706192016601562
4.375,3.921703338623047
4.4375,3.864145278930664
4.5,3.8065872192382812
4.5625,3.740386962890625
4.625,3.6651611328125
4.6875,3.58056640625
4.75,3.486328125
4.8125,3.39208984375
4.875,3.2882080078125
4.9375,3.174407958984375
5.0,3.0504837036132812
5.0625,2.9163265228271484
5.125,2.7821693420410156
5.1875,2.6377792358398438
5.25,2.4830474853515625
5.3125,2.317962646484375
5.375,2.14263916015625
5.4375,1.967315673828125
5.5,1.7817535400390625
5.5625,1.5860671997070312
5.625,1.3804969787597656
5.6875,1.1654376983642578
5.75,0.95037841796875
5.8125,0.725830078125
5.875,0.4921875
5.9375,0.25
6.0,0.0
