x,y
7.6168,1.8029
7.37775,1.7491124999999998
7.105396875,1.7224875
6.8117160156250005,1.7236636718749998
6.506861547851563,1.7526115722656248
6.199320932006836,1.8086289093017576
5.89608286895752,1.8903923423767086
5.60280689611435,1.9960447383403774
5.323987097495794,2.123301748371124
5.045167298877239,2.2505587584018705
4.780803674483299,2.3994203824996947
4.535390308332444,2.5676022718429565
4.312255831050873,2.7523928619384765
4.113727129936218,2.950759949493408
3.941287173080444,3.15947658996582
3.7957193717956543,3.375250180053711
3.6772349472045898,3.594843530273437
3.5587505226135256,3.8144368804931634
3.467349474716187,4.037849990844726
3.403243024635315,4.2618456718444815
3.366070203304291,4.4832421478271485
3.3550252180576328,4.699034129524231
3.3689678233861926,4.906505876731872
3.4065131617188458,5.1033250562191
3.466101581710577,5.287611140918731
3.5256900017023085,5.4718972256183624
3.607321503353119,5.643650215530396
3.7094364353179934,5.800989583587647
3.8303003524780275,5.942486608886719
3.9680738342285156,6.067232775878907
4.120862280273437,6.174882714843751
4.28674619140625,6.2656654296875
4.463796484375,6.3403625
4.64084677734375,6.415059570312501
4.8290634521484375,6.47367099609375
5.02651742553711,6.516978356933594
5.231270030212403,6.546315808105469
5.441388329696656,6.563548282623291
5.654945467281342,6.571016667556762
5.870010598158837,6.57144864153862
6.084636995452643,6.567838801288604
6.2992633927464485,6.564228961038589
6.5134510564565655,6.556577306556701
6.725253259706497,6.547878434562683
6.9327073935508725,6.54139385986328
7.133823073005676,6.540532141876221
7.326568416976928,6.548698300170899
7.508863092803954,6.569116146850586
7.678590757751463,6.604632104492188
7.848318422698973,6.64014806213379
8.005479076766965,6.690762130737305
8.14795637722015,6.759320732879639
8.273597971248625,6.8482929016113285
8.380227937459946,6.959574098396302
8.46567862432003,7.094271516609192
8.527854517877103,7.25247943930626
8.564844812721015,7.433058160877229
8.601835107564927,7.613636882448198
8.61363980369568,7.816586402893067
8.598348095703125,8.040767016601563
8.55423388671875,8.283805029296875
8.479868359375,8.5418716796875
8.374281250000001,8.809465625
8.237187500000001,9.0792125
8.0693,9.3417
