x,y
7.1058,8.1196
7.14663125,8.077109375
7.186247119140625,8.034547290039061
7.2246638134002685,7.991937054061889
7.261897777169942,7.9493012209415435
7.297965667040273,7.906661599770747
7.332884326704003,7.864039265496059
7.366670762939654,7.821454569862935
7.399342122642826,7.778927152641168
7.430915670872443,7.7364759531016585
7.461408769880037,7.694119221716843
7.491901868887631,7.651762490332027
7.521314518673201,7.609500227101906
7.549664081488281,7.5673506824989145
7.5769680167770135,7.525331418197025
7.60324386020544,7.483459318772169
7.628509203673838,7.441750603626323
7.652781676280202,7.400220839107575
7.676078926203798,7.358884950799899
7.698418603478463,7.317757235957675
7.719818343626141,7.276851376061314
7.74121808377382,7.2359455161649535
7.76167788679451,7.195261511214454
7.781215388210157,7.154813042690227
7.799848209030808,7.1146131762987075
7.817593939388151,7.074674374527974
7.834470123029273,7.0350085093244585
7.850494242641118,6.995626874867078
7.865683705976894,6.956540200416413
7.880055832756408,6.917758663217792
7.893627842313112,6.879291901438306
7.907199851869816,6.840825139658819
7.919971744203709,6.802673153298468
7.931960738648241,6.764845580524341
7.943183954150503,6.727351520425293
7.9536583969182555,6.690199545948956
7.963400948813658,6.6533977168726945
7.972428356466421,6.616953592788532
7.980757221079886,6.58087424608327
7.98840398890424,6.545166274896161
7.995384942351801,6.509835816037571
8.002365895799361,6.47450535717898
8.00868103487013,6.4395524106489095
8.01434664197642,6.404983113257723
8.019378835692681,6.370803140486902
8.023793561870772,6.337017719407701
8.027606585397312,6.303631641560813
8.030833482568038,6.270649275780453
8.03348963405478,6.2380745809474245
8.035590218441435,6.205911118656707
8.037150206305942,6.174162065786158
8.03871019417045,6.1424130129156085
8.039729585512811,6.111078369465227
8.040223350910964,6.080161312312872
8.040206252936889,6.0496646336192725
8.039692840238587,6.0195907533967326
8.038697442168054,5.989941731978919
8.037234163932299,5.960719282378329
8.035316882245098,5.931924782518967
8.03295924145787,5.903559287332765
8.030174650148705,5.875623540709128
8.02739005883954,5.847687794085491
8.024178517008435,5.82018179602442
8.02055343323348,5.793106290415323
8.016527980319431,5.766461710105084
8.012115091886743,5.740248188847618
8.00732745941875,5.714465573106568
8.002177529746026,5.689113433700548
7.996677502947634,5.664191077281256
7.990839330649563,5.63969755763563
7.984674714701335,5.615631686804039
7.978510098753105,5.591565815972448
7.972019039154717,5.567927593954892
7.965213237755691,5.544715832791739
7.958104146629075,5.52192910277679
7.950702966748047,5.499565743575465
7.9430206470406715,5.4776238751590345
7.93506788380377,5.456101408546875
7.926855120457477,5.434996056349562
7.918392547622683,5.414305343106401
7.909690103504154,5.394026615411695
7.900987659385625,5.3737478877169895
7.89204534398336,5.35388114557074
7.882873095502125,5.334423735567252
7.873480599730556,5.315372826355832
7.863877290424277,5.296725418767062
7.85407234999469,5.278478355727827
7.844074710486217,5.260628331959408
7.83389305482541,5.243171903453707
7.823535818325855,5.226105496723357
7.813011190433453,5.209425417822112
7.802486562541052,5.192745338920868
7.791794543255803,5.176451587848728
7.78094332202361,5.160540470659448
7.769940842422688,5.1450081729479065
7.758794803908842,5.129850768870494
7.747512663801098,5.1150642299358005
7.736101639492234,5.100644433561987
7.724568710869315,5.08658717139792
7.7129206229299,5.072888157405735
7.7011638885801235,5.059543035703107
7.689407154230347,5.046197914000478
7.6775417734702085,5.033206684587407
7.665574259205842,5.020564991581565
7.653510892251957,5.008268409256159
7.641357724129918,4.996312449882195
7.629120580047705,4.9846925713304335
7.61680506204795,4.973404184431297
7.6044165523107985,4.962442660091575
7.591960216598881,4.951803336167291
7.579441007832173,4.9414815240926355
7.566921799065464,4.931159712017979
7.554339717243964,4.921155411792951
7.541699715287647,4.911463934851739
7.529006533273829,4.902080566206699
7.516264702012026,4.893000571077279
7.503478546748704,4.884219201275007
7.490652190989707,4.875731701344424
7.477789560428661,4.867533314460352
7.464894386970177,4.859619288082364
7.451970212837104,4.8519848793677625
7.4390460387040305,4.844350470653162
7.426092863896368,4.83699567960195
7.413114230636971,4.829915763371428
7.400113491466933,4.823105988816632
7.3870938133528625,4.816561637903303
7.3740581818782145,4.81027801287937
7.361009405507998,4.804250441206244
7.347950119916611,4.798474280251652
7.33488279236907,4.792944921746166
7.321809726146336,4.787657796005938
7.308736659923602,4.78237067026571
7.295657855025675,4.777325777290741
7.282575614733515,4.772518547397184
7.269492078344025,4.7679444494867695
7.256409225595377,4.763598995269545
7.243328881136429,4.7594777432528135
7.230252719030956,4.755576302498794
7.217182267287849,4.751890336153895
7.2041189124089104,4.74841556475282
7.19106390394628,4.7451477693010435
7.17800889548365,4.741879973849267
7.164962233437327,4.738819154346788
7.151925167359452,4.735961091799082
7.138898809852504,4.733301627682392
7.125884141126734,4.730836667026212
7.112882013567231,4.728562181274131
7.099893156302679,4.726474210926586
7.086918179768286,4.7245688679693725
7.073957580255781,4.722842338092023
7.061011744443791,4.721290882700442
7.048065908631801,4.719739427308861
7.035134836520326,4.7183630464030495
7.0222189147879925,4.717158001388911
7.0093184205003265,4.716120629388722
6.996433525640132,4.715247345253763
6.983564301618248,4.714534643371203
6.970710723758,4.713979099269606
6.957872675747051,4.713577371027692
6.945049954050779,4.7133262004911884
6.932242272281647,4.713222414302825
6.919434590512514,4.7131186281144615
6.906641948670521,4.713162226274236
6.8938640603681325,4.713350035424879
6.881100556364901,4.713678967006118
6.868350988936847,4.714146018284675
6.855614836201843,4.714748273197391
6.842891506395499,4.715482903012539
6.830180342092415,4.716347166814543
6.817480624368055,4.717338411817519
6.804791576896813,4.718454073513183
6.792102529425571,4.719569735208847
6.779424152207447,4.720809813597198
6.766755668916837,4.7221717441699536
6.754096245827073,4.723653050696429
6.741444995908496,4.725251345371445
6.728800982862738,4.726964328797601
6.716163225088817,4.728789789807457
6.703530699576973,4.730725605131317
6.6909023457265695,4.7327697389164225
6.678277069084657,4.734920242103452
6.665651792442744,4.737070745290481
6.653029593009322,4.739327617879435
6.640409376331444,4.741688910810991
6.627790014103852,4.744152761819266
6.615170347907551,4.746717394808313
6.60254919286905,4.749381119085928
6.589925341236917,4.752142328460676
6.577297565872572,4.7549995002081005
6.564664623652625,4.757951193912222
6.552025258780313,4.760996050188404
6.539385893908,4.7640409064645866
6.526740106383322,4.76717892531283
6.514086640409513,4.7704087473485
6.501424227516435,4.773729094218307
6.488751589872015,4.777138767323179
6.476067443502789,4.780636646422517
6.463370501421129,4.7842216881259425
6.45065947665705,4.787892924278712
6.437933085192746,4.791649460246967
6.425190048798344,4.795490473109044
6.41244701240394,4.799331485971122
6.399687331079438,4.803256975727021
6.3869097265949595,4.807266119455077
6.374112926508559,4.811358165945817
6.361295667001965,4.815532433893259
6.34845669561753,4.81978830999226
6.335594773894841,4.824125246948105
6.3227086799057215,4.828542761404533
6.309797210686643,4.833040431796401
6.296859184567804,4.837617896133144
6.283921158448965,4.842195360469887
6.270956575430366,4.846852618751505
6.257964253842204,4.851589308987434
6.244943033308399,4.856405128761681
6.231891777075677,4.861299833016288
6.218809374239303,4.866273231765575
6.20569474186476,4.871325187747338
6.192546827004868,4.876455614017126
6.179364608612117,4.881664471491666
6.166147099346207,4.886951766447458
6.152929590080298,4.8922390614032505
6.139676789941229,4.897604793840295
6.1263877115887,4.903048970035092
6.113061401389624,4.908571641623914
6.09969694122566,4.914172903101398
6.08629345019597,4.919852889274301
6.072850086215167,4.925611772676435
6.0593660475067,4.9314497609507075
6.045840573992121,4.9373670942041565
6.032272948576886,4.943364042341712
6.018705323161652,4.949360990479268
6.005095545845762,4.95543755350093
5.991442899534675,4.9615940013116315
5.977746710117753,4.967830633614195
5.964006347754068,4.9741477772431075
5.950221228054746,4.980545783477025
5.936390813162502,4.987025025335783
5.922514612729244,4.993585894867579
5.908592184792797,5.000228800431859
5.8946231365540065,5.00695416398337
5.880654088315216,5.013679527534881
5.866638419774083,5.020487349073621
5.852575738131452,5.027378050554334
5.838465699751188,5.034352067527056
5.824308010937278,5.041409846421158
5.810102428611304,5.048551841830524
5.795848760891546,5.055778513805304
5.781546867575134,5.06309032515553
5.767196660524874,5.070487738771755
5.752798103962505,5.077971214967729
5.738399547400135,5.085454691163703
5.723952641325656,5.0930242299394255
5.709457349960806,5.100680291608647
5.6949136898862545,5.108423333908316
5.680321730334862,5.116253809341251
5.6656815933913744,5.124172162540852
5.6509934541003215,5.132178827662845
5.636257540484055,5.140274225808932
5.621474133473013,5.1484587624870315
5.606643566750429,5.1567328251126305
5.5918130000278445,5.16500688773823
5.576935273593717,5.173370476311328
5.56201072113128,5.181823978247415
5.547039729076558,5.1903677628695455
5.532022736463081,5.199002178909701
5.5169602346810365,5.207727552051256
5.501852767153091,5.2165441825170795
5.486700928929255,5.225452342707637
5.471505366203262,5.234452274893227
5.456266775753081,5.243544188964364
5.4410281853028994,5.252636103035502
5.425746567128531,5.261819998992186
5.410422618007947,5.271096086724932
5.395057085303357,5.280464543744468
5.379650766401727,5.289925512932117
5.364204508079428,5.2994791003483055
5.348719205793633,5.3091253731031784
5.33319580290317,5.318864357293119
5.317635289821694,5.328696036006748
5.302038703106076,5.338620347403792
5.286442116390458,5.348544658800836
5.270809456040698,5.358561602881295
5.255141758613669,5.368671117804896
5.2394401068094565,5.378873096802474
5.223705628559759,5.389167386254841
5.207939496051505,5.399553783844525
5.1921429246886355,5.410032036783766
5.176317171995062,5.420601840121945
5.160463536461916,5.431262835135408
5.144583356342265,5.442014607802458
5.128703176222613,5.452766380469507
5.1127964515164575,5.463608930790143
5.096864520476863,5.474541844742667
5.080908761118833,5.485564653007336
5.064930590014025,5.496676829441345
5.048931461032931,5.507877789638969
5.032912864037719,5.519166889579614
5.016876323528972,5.530543424366309
5.000823397249647,5.542006627056965
4.984755674749629,5.553555667590488
4.968687952249612,5.565104708124011
4.952605433528902,5.576739586500402
4.936509708137387,5.588459472658565
4.920402397431882,5.600263473418403
4.904285153140686,5.612150631406925
4.888159655888723,5.62411992407922
4.872027613686651,5.636170262836375
4.85589076038735,5.648300492242218
4.8397508541132535,5.660509389340522
4.823609675658023,5.672795663074086
4.807468497202793,5.68508193680765
4.7913260465664305,5.697445587176476
4.775184104542597,5.709885323123366
4.759044474596186,5.722399785490151
4.742908981264991,5.734987546436782
4.726779468535725,5.747647108962294
4.710657798197866,5.7603769065290695
4.694545848178864,5.7731753027915955
4.6784455108642575,5.786040591430664
4.66235869140625,5.798970996093749
4.646271871948242,5.811901400756835
4.630198570346832,5.824896921443938
4.614140691754221,5.837955781802534
4.598100154089275,5.851076135446782
4.582078886346096,5.864256065897907
4.566078826891064,5.877493586630761
4.5501019217518905,5.890786641227294
4.534150122902257,5.904133103637445
4.51822538654561,5.917530778547729
4.502329671401659,5.930977401857557
4.486433956257709,5.944424025167386
4.470567262326455,5.957919596876758
4.454731548327605,5.971461852885087
4.438928775497134,5.985048460304684
4.423160905873775,5.998677017937087
4.407429900588232,6.01234505685713
4.391737718158648,6.026050041104809
4.3760863127958896,6.039789368484768
4.360477632722163,6.053560371473003
4.344913618506464,6.0673603182301745
4.329349604290764,6.081160264987346
4.313830255933092,6.094989155513457
4.298357514002444,6.108844257969167
4.282933311414608,6.1227227761998035
4.267559571767611,6.136621850748668
4.252238207694006,6.150538559976955
4.236971119233479,6.164469921289651
4.2217601922292545,6.178412892466589
4.20660729675172,6.192364373097598
4.191514285552644,6.20632120612048
4.176421274353569,6.220278039143363
4.161388147432952,6.2342402245581185
4.1464167575425614,6.248204605302554
4.131508940115545,6.262167967662452
4.116666511720647,6.276127042809556
4.101891268547023,6.29007850844239
4.087184984923018,6.304018990528649
4.072549411872243,6.317945065147689
4.057986275710212,6.331853260431439
4.043497276684732,6.345740058601865
4.029008277659253,6.359626856772291
4.014593415770326,6.373492257829392
4.000254391265759,6.387332743995135
3.9859928783256557,6.401144751581521
3.9718105237028034,6.414924673028052
3.957708945406825,6.428668859035738
3.943689731435276,6.442373620795788
3.9297544385548226,6.456035232310901
3.915904591135546,6.4696499328069015
3.9021416800413258,6.483213929232278
3.8883787689471054,6.496777925657654
3.8747027941779413,6.510291218012407
3.8611152465977137,6.523750013245024
3.8476175835641016,6.537150486026661
3.8342112278189715,6.5504887812506745
3.8208975664348457,6.563761016620071
3.8076779498204143,6.5769632853204065
3.7945536907879607,6.590091658775534
3.781526063685467,6.603142189483396
3.768596303596072,6.616110913928909
3.7556665435066767,6.629079638374423
3.7428346504303804,6.641966556557588
3.730101859450321,6.654767704963321
3.717469366384792,6.667479104063514
3.7049383269866984,6.680096761229919
3.692509856210358,6.692616673724122
3.6801850275483172,6.705034831761669
3.6679648724407348,6.717347221647201
3.655850379759774,6.7295498289773565
3.643842495371314,6.7416386419080245
3.6318346109828537,6.7537274548386925
3.6199333348868947,6.765702473369873
3.608139612949317,6.777559685657458
3.5964543480297175,6.78929508241659
3.5848783995431246,6.800904660188921
3.5734125830990338,6.812384424674226
3.5620576702200792,6.823730394122966
3.5508143881425287,6.834938602786266
3.539683419700655,6.846005104419648
3.5286654032968925,6.856925975836721
3.51764738689313,6.867846847253794
3.50674232252748,6.878622088454558
3.4959508486023756,6.889247776252623
3.4852735590884145,6.899720010519689
3.47471100349451,6.910034917739246
3.464263686923835,6.920188654610236
3.4539320702174554,6.930177411696925
3.4437165701874197,6.93999741712107
3.43361755994092,6.949644940292411
3.423635369296969,6.959116295673423
3.4136531786530178,6.9685876510544364
3.4037878076116153,6.977882838645121
3.394039585991773,6.986998172907952
3.384408800324324,6.995930013358143
3.374895694268596,7.00467476832839
3.3655004691216086,7.013228898767888
3.3562232844212323,7.021588922071527
3.347064258644601,7.0297514159351415
3.338023470002894,7.037713022232593
3.3291009573334263,7.045470450910429
3.320178444663958,7.053227879588265
3.311374207966728,7.060781130646485
3.302688286079051,7.068126914031637
3.2941206784643744,7.075262007762957
3.285671346104367,7.082183261827021
3.2773402124883138,7.08888760208999
3.269127164700748,7.095372034223157
3.261032054608086,7.101633647637515
3.2530547001448293,7.107669619422996
3.245194886699702,7.113477218288045
3.2373350732545743,7.119284817153094
3.229592800827576,7.124864043097711
3.2219678548074313,7.130212164830338
3.2144599880370874,7.13532654267793
3.2070689221998547,7.140204632525522
3.199794349305485,7.144843989756128
3.192635933276559,7.149242273186628
3.185593311635362,7.153397248995272
3.1786660972912117,7.157306794636469
3.1718538804279977,7.160968902738529
3.1650416635647836,7.164631010840589
3.1583444441825055,7.168045681403514
3.151761812465053,7.171210907055617
3.145293335870887,7.174124795599113
3.1389385610205816,7.176785573907868
3.13269701568457,7.179191591808103
3.1265682108708646,7.1813413259377405
3.1205516430122806,7.183233383580099
3.1146467962524893,7.184866506467712
3.1088531448299888,7.186239574552088
3.103059493407488,7.187612642636464
3.097377037322278,7.188725655917603
3.0918052508128575,7.189577494347013
3.086343598212553,7.19016717609518
3.0809915363334897,7.1904938613213245
3.0757485169484813,7.190556855909125
3.070613989369929,7.19035561516421
3.0655874031245833,7.189889747469357
3.0606682107228007,7.18915901789339
3.0558558705206553,7.188163351749903
3.05104353031851,7.187167685606417
3.0463380423160027,7.185907082895411
3.0417388648692074,7.184381468930479
3.037245462179919,7.182590929269986
3.0328573071577676,7.180535713275791
3.028573884375194,7.1782162376218
3.0243946931136687,7.175633089748473
3.020319250499268,7.172787031259531
3.0163470947254942,7.169679001257258
3.012477788360939,7.166310119612956
3.008608481996384,7.162941237968655
3.0048420250410475,7.159311504682325
3.001177980063522,7.155422039625272
2.99761593400749,7.15127414343782
2.994155501499392,7.146869300799772
2.990796328240938,7.142209183636028
2.9875380944840852,7.137295654253919
2.9843805185858168,7.1321307684090005
2.9813233606398115,7.126716778296234
2.978366426181794,7.121056135463716
2.975409491723777,7.115395492631198
2.9725527807537473,7.10948819707893
2.9697960988074317,7.1033367003550065
2.9671392968626016,7.096943653360661
2.96458227504443,7.090311909263987
2.962124986404526,7.083444526336216
2.9597674407704604,7.076344770707697
2.957509708662296,7.069016119040968
2.9553519252723577,7.061462261118537
2.9532942945041927,7.053687102343329
2.9512366637360277,7.045911943568122
2.9492791855896363,7.037915483940138
2.947422063968566,7.029701628862302
2.9456655714875866,7.021274499357952
2.944010053511647,7.012638434571276
2.9424559322540214,7.003797994180391
2.9410037109295772,6.994757960720987
2.9396539779588275,6.9855233418187375
2.938407411218101,6.97609937232899
2.937264782330884,6.966491516382595
2.936122153443667,6.956883660436199
2.9350834624099584,6.947091918033156
2.9341494808532445,6.937121753304314
2.9333210741441667,6.926978859656027
2.9325992056918615,6.91666916181598
2.9319849412764647,6.906198817785157
2.9314794534178197,6.89557422069481
2.9310840257751245,6.884802000567622
2.930800057571928,6.873889025982651
2.9306290680405747,6.862842405644034
2.9304580785092207,6.851795785305416
2.9304000676497095,6.840615519213152
2.9304565546943846,6.829308716071379
2.9306291788843852,6.817882724709313
2.9309197039140877,6.806345135649952
2.931330022394995,6.794703782582546
2.931862160333163,6.78296674373881
2.932518281613934,6.771142343173279
2.9333006924874194,6.759239151948639
2.9342118460478295,6.747265989227334
2.9351229996082395,6.73529282650603
2.936162895855574,6.7232496922880625
2.9373339878840445,6.7111454057358815
2.938638875631961,6.698989034111699
2.940080310361064,6.686789893869108
2.941661199129708,6.674557551650979
2.943384609252992,6.662301825194959
2.945253772742609,6.650032784148345
2.947272090718837,6.637760750794637
2.949443137786729,6.625496300694616
2.9516141848546216,6.613231850594595
2.9539379610141787,6.600974983748258
2.9564180408704552,6.588736275716386
2.959058172513283,6.576526555337034
2.961862281893466,6.56435690536661
2.9648344771631825,6.552238663035469
2.9679790529726615,6.540183420520869
2.9713004947148556,6.528203025340683
2.9748034827094667,6.51630958067184
2.978492896317321,6.504515445598086
2.982182309925175,6.492721310524333
2.9860581491462725,6.481026485045668
2.990125293341439,6.469443328245836
2.994388820912625,6.457984455115401
2.9988540134172785,6.446662736799503
3.003526359613071,6.435491300774943
3.0084115594239615,6.424483530961185
3.01351552781824,6.413653067770494
3.018844398588797,6.403013808103076
3.0244045280255074,6.392579905293806
3.029964657462218,6.382146002484536
3.0357560455650816,6.371917456533415
3.0417850486239733,6.361908420775322
3.048058245425751,6.352133304979807
3.054582440926641,6.342606775297823
3.0613646698167294,6.333343754160042
3.068412199966448,6.324359420133329
3.075732535744553,6.315669207742658
3.083333421196707,6.307288807266474
3.0912228430734014,6.2992341645143
3.099112264950096,6.2911795217621265
3.107290223251331,6.283450636733963
3.1157647047275976,6.276063455239333
3.1245439388342158,6.269034178618842
3.1336364007592517,6.2623792635217805
3.1430508143007727,6.256115421665985
3.152796154582159,6.250259619588732
3.162881650593807,6.244829078398252
3.1733167875491635,6.239841273536257
3.1841113090426187,6.235313934562755
3.194905830536074,6.230786595589253
3.206059736567628,6.226719722504244
3.2175827707316706,6.2231310448677375
3.2294849350035357,6.220038546358035
3.241776491897392,6.217460464556545
3.2544679664259983,6.215415290754873
3.267570147849849,6.213921769795457
3.2810940912028377,6.212998899957883
3.29505111858116,6.212665932903912
3.309452820181754,6.212942373695212
3.3238545217823483,6.2132188144865115
3.3387008976052144,6.214104663123084
3.3540035378472908,6.215619424666599
3.3697743008062577,6.217782857578635
3.386025313918978,6.220614973738421
3.402768974549475,6.224136038533272
3.420017950512749,6.2283665710357425
3.437785180320319,6.233327344282417
3.456083873132946,6.239039385670305
3.474927508405579,6.2455239774878155
3.4937711436782126,6.2520085693053264
3.513159721410852,6.259265711552461
3.5331067210584464,6.267316686517628
3.553625892370131,6.276183031380642
3.5747312550341714,6.285886538743695
3.5964370980151275,6.296449257296927
3.618757978568264,6.307893492635575
3.6417087209158248,6.320241808246733
3.6653044145693254,6.333517026684871
3.6895604122816104,6.347742230956362
3.7138164099938953,6.361967435227853
3.738732711764964,6.377142625332697
3.7643246703476607,6.3932908842772695
3.7906079017361565,6.410435555519852
3.817598283118004,6.428600244355165
3.845311950455946,6.447808819507923
3.8737652956832145,6.468085414955676
3.902974963495601,6.489454432002361
3.9329578477231517,6.5119405416251475
3.963731087263871,6.535568687118442
3.9945043268045906,6.559196832611737
4.026067921658479,6.583967013975539
4.05843901072354,6.609904174504255
4.091634977965738,6.637033529809521
4.125673448352696,6.665380570464209
4.160572283349421,6.694971064943562
4.196349575958418,6.725831062887328
4.233023645286154,6.75798689870795
4.2706130306173495,6.791465195571204
4.309136484978119,6.826292869776978
4.347659939338887,6.861120543982752
4.387117462729227,6.897297595531045
4.427527808175252,6.934850940721743
4.468909942444462,6.973807788988843
4.511283039608889,7.014195647281231
4.554666474097074,7.056042324843611
4.599079813215917,7.099375938425288
4.64454280912296,7.144224917945867
4.691075390229162,7.19061801264831
4.738697652011824,7.238584297771231
4.786319913794486,7.286550582894153
4.835031856253607,7.336090058437555
4.884853574866488,7.387231799640054
4.9358053321767645,7.440005207735925
4.987907548607327,7.494440016627405
5.041180792683363,7.550566300076246
5.095645770645142,7.608414479446411
5.151323315429687,7.66801533203125
5.208234375,7.7294
5.2664,7.7926
