x,y
7.1058,8.1196
7.7591,7.43975
8.1012625,6.74160625
8.1986671875,6.1206421875
8.133318359375,5.622846875
7.97535859375,5.2555162109374995
7.77429755859375,5.003796630859375
7.559734704589843,4.844393402099609
7.345938310241698,4.754273965454101
7.137165180587768,4.71488299331665
6.932242272281647,4.713222414302825
6.727319363975525,4.711561835289001
6.526246677017212,4.747631649398803
6.3278511680603025,4.808433785247803
6.125529945373534,4.8865274276733395
5.911831893920898,4.981109042358398
5.68230122680664,5.095957366943359
5.437104235839843,5.235596618652343
5.180597485351562,5.401867749023436
4.919747802734374,5.592084521484374
4.66235869140625,5.798970996093749
4.4049695800781254,6.005857470703125
4.151041040039063,6.229413647460937
3.908376574707032,6.462363586425781
3.685616363525391,6.6928416442871095
3.490463674926758,6.904329959106446
3.327717701721192,7.077377342224122
3.1980674446105963,7.193296161651613
3.0986455417633065,7.239053609848024
3.0256773775100716,7.211626420783998
2.978366426181794,7.121056135463716
2.9310554748535163,7.0304858501434335
2.909401736450196,6.8767724685668945
2.9126086853027346,6.669957531738281
2.9428578857421877,6.433147387695312
3.0091943359375,6.20556845703125
3.132648046875,6.044323046875
3.3517328125,6.0240828125
3.72626875,6.234925
4.33575,6.7814
5.2664,7.7926
