x,y
2.9255,1.7041
2.8009874999999997,1.8432624999999998
2.6908304687499998,1.986697265625
2.5947125,2.1334601806640623
2.512274987792969,2.2826488494873045
2.4431211837768556,2.4334057079315183
2.3739673797607423,2.5841625663757326
2.318097283935547,2.736487614440918
2.2751141479492185,2.8895232879638675
2.244583081054687,3.042456854248047
2.2260351074218745,3.194523522949219
2.207487133789062,3.3465901916503906
2.200922253417968,3.4977899627685547
2.205871490478515,3.6473580459594723
2.2218317840576165,3.794577593231201
2.248270045471191,3.9387828098297115
2.274708306884765,4.082988026428222
2.311624536132812,4.224178912353515
2.3584856445312496,4.361689672851561
2.414728515625,4.494905566406249
2.4797640624999997,4.623266015624999
2.5447996093749996,4.751626464843749
2.6186278320312497,4.875131469726561
2.7006596435546872,4.993220452880858
2.7902799865722656,5.105387001037597
2.886851890563965,5.2111819759368885
2.983423794555664,5.316976950836181
3.086947259521484,5.416400352478027
3.196785314941406,5.509003042602538
3.312279077148437,5.594393157958984
3.432751806640625,5.672239221191406
3.5532245361328125,5.750085284423827
3.6786762329101563,5.820387295532226
3.808430157470703,5.882813777160644
3.9417917144775387,5.9370936378479
4.078052510070801,5.983019282913207
4.214313305664063,6.028944927978515
4.353473339843751,6.066516357421874
4.494824218750001,6.0955259765625
4.6376437500000005,6.1158296875
4.7812,6.12735
4.92475625,6.1388703125
5.06904921875,6.1416072265625
5.21334697265625,6.135483251953125
5.356907836914063,6.120487506103515
5.498984452819824,6.096678824996948
5.641061068725586,6.0728701438903805
5.7816534362792975,6.040248527526855
5.920014196777344,5.998872811889648
6.055390307617188,5.9488715515136725
6.1870270996093755,5.890446130371094
6.318663891601563,5.832020709228516
6.446561364746095,5.765171127319336
6.569964849853516,5.690098768615723
6.688118051147462,5.607077846527099
6.800267103576661,5.516458514785766
6.91241615600586,5.425839183044433
7.018561059570313,5.327621441650391
7.117947949218751,5.222155444335938
7.209825390625,5.10986728515625
7.2934484375,4.9912621093750005
7.3770714843750005,4.872656933593751
7.452440136718751,4.747734741210938
7.518809448242188,4.6170006774902355
7.57544096069336,4.48103893890381
7.621606761169434,4.340515884017945
7.667772561645508,4.19999282913208
7.703472650146484,4.054908457946777
7.727979113769531,3.90592912902832
7.740574584960937,3.7538033630371093
7.740556298828125,3.5993649536132812
7.740538012695312,3.444926544189453
7.7279059692382805,3.288175491333008
7.701957403564453,3.129945588684082
7.662004153442383,2.9711559028625487
7.60737671661377,2.8128138843536377
7.552749279785156,2.6544718658447266
7.48344765625,2.496577514648438
7.398802343750001,2.3401382812500002
7.2981625,2.1862500000000002
7.1809,2.0361
