x,y
7.1058,8.1196
7.269125000000001,7.9496375
7.41300390625,7.778531640625
7.538473901367187,7.6077741943359385
7.646633201599121,7.438663635253907
7.738614214706422,7.272315677452088
7.815561266970635,7.109675217664242
7.878612336506695,6.951529158246145
7.928884284742619,6.798519684162596
7.967461128561558,6.651157651471931
7.995384942351801,6.509835816037571
8.023308756142043,6.36851398060321
8.040579539903591,6.233232342425154
8.048239368024731,6.104383657366822
8.047288372398892,5.98224258109672
8.038675644474642,5.86697889779999
8.023292767213663,5.758670589117001
8.001969566202268,5.657316472038522
7.975471715912618,5.562848205744638
7.94449987997827,5.475141526190518
7.909690103504154,5.394026615411695
7.874880327030038,5.312911704632873
7.836232610016153,5.238388562629348
7.794382997567428,5.1702873714366575
7.749902916260163,5.1083927591707035
7.703299566452005,5.052454169333042
7.655017566626346,5.002195364835693
7.605441567791232,4.957322973718142
7.554899595108279,4.917534031698773
7.503666909369397,4.8825225142261655
7.451970212837104,4.8519848793677625
7.400273516304811,4.82144724450936
7.3481128089791055,4.795383492265163
7.295714793122507,4.773490080702613
7.243257612468138,4.755465950508019
7.190875058060046,4.741018067875224
7.138661118457094,4.729865978231652
7.086674698816241,4.721745392139255
7.034944365268946,4.716410853379964
6.9834729993581774,4.713637559056281
6.932242272281647,4.713222414302825
6.881011545205116,4.712807269549369
6.8300214569628235,4.71475027436614
6.7792536787524815,4.718848333887756
6.728668671426549,4.724920061280951
6.678210159735475,4.732806832456123
6.627809426377178,4.742373075389838
6.57738933559843,4.753505876654124
6.526868021071971,4.766114000513577
6.476162194375956,4.780126421660735
6.425190048798344,4.795490473109044
6.374217903220731,4.810854524557354
6.322979438761521,4.827570206306815
6.271392848708672,4.845584851370874
6.219377808059951,4.864864151083886
6.1668583773273244,4.8853903029940815
6.1137655016663075,4.907159773914137
6.0600390800529045,4.930180779648676
6.005629597626836,4.954470583366952
5.950499329509167,4.980052709777327
5.8946231365540065,5.00695416398337
5.838746943598846,5.033855618189413
5.782124825806194,5.062076400191126
5.724731644030159,5.091643515092075
5.666554844857897,5.122587448391032
5.607595256361309,5.154939384838062
5.547867475782825,5.188728431972218
5.487399869614936,5.22397893722065
5.42623421868475,5.260707979162082
5.364425049968546,5.298923101815616
5.302038703106076,5.338620347403792
5.239652356243606,5.378317592991967
5.176688831234869,5.419496961514785
5.113214467719617,5.4621544951947865
5.049307418001071,5.506274734457954
4.985056713560224,5.551828750696778
4.920561066269875,5.598772477507591
4.855927452278138,5.647045395851135
4.791269532775879,5.69656961517334
4.726705969238282,5.747249377441406
4.66235869140625,5.798970996093749
4.598011413574218,5.850692614746093
4.533880421447753,5.903456089782714
4.47008764476776,5.957147734642028
4.406758281540871,6.011635934233665
4.344019066020847,6.066771083888411
4.281996489429847,6.122385963222012
4.220815031685262,6.178296556911384
4.1605954630734,6.234303319425269
4.1014532727866495,6.290192865920162
4.043497276684732,6.345740058601865
3.985541280582816,6.401287251283568
3.9287714786657344,6.456492090152082
3.87329668679321,6.511129437413209
3.819219047492302,6.564962402322061
3.766632637718661,6.61774442754461
3.7156222558418817,6.66922177098486
3.6662624402155757,6.719136352377979
3.6186167671367766,6.767228921039194
3.5727374689119413,6.813242490168429
3.5286654032968925,6.856925975836721
3.4845933376818436,6.900609461505013
3.442328504676582,6.941962863712363
3.401911762036931,6.980735098529806
3.363372592968081,7.01668098489949
3.326729075564535,7.049564883621088
3.2919882036239976,7.079164541019988
3.259146590102569,7.105275075423312
3.2281915750286876,7.127713037295878
3.1991027478808545,7.146320470330286
3.1718538804279977,7.160968902738529
3.1446050129751413,7.175617335146772
3.119196105217261,7.1863067669288485
3.095600928923285,7.192908726296755
3.0737874381525687,7.195324225981884
3.0537197020952602,7.193487754526643
3.0353602483753126,7.187371197777616
3.0186728128150113,7.17698761982769
3.0036254776537428,7.162394834607841
2.9901941640138636,7.143698706793787
2.978366426181794,7.121056135463716
2.9665386883497247,7.098413564133645
2.956314526325465,7.071824549287559
2.9476814943954355,7.041445990003647
2.9406387800101195,7.007485819762573
2.9352009980651554,6.970205990105216
2.9314022869976473,6.9299251370414865
2.9293006542658144,6.887020883646475
2.928982500555345,6.841931747051165
2.9305672318061893,6.795158640112551
2.9342118460478295,6.747265989227334
2.9378564602894697,6.6993733383421175
2.943560957521906,6.650361143510297
2.951482335774621,6.600793831128573
2.96181518516663,6.551299341133352
2.9747962747417485,6.5025702448144465
2.990709114112339,6.455364478772361
3.0098883768995646,6.410505716483353
3.0327240508524937,6.368883430115856
3.0596651555666234,6.331452735522996
3.0912228430734014,6.2992341645143
3.1227805305801795,6.267015593505604
3.158954800879606,6.240009146081075
3.200256806003128,6.219235354050237
3.247259830418142,6.205780165179021
3.3006023916175153,6.200794715461458
3.3609907235801,6.205495028670562
3.429200458373817,6.221161787291453
3.5060772955238764,6.249140370118091
3.592536421432471,6.290841413870399
3.6895604122816104,6.347742230956362
3.7865844031307496,6.404643048042326
3.894173258920433,6.4767436384619455
4.013309555832669,6.565521314623207
4.145043259829283,6.672520064622164
4.290489629554749,6.799351970005036
4.450825602722169,6.947699479675293
4.627284399414063,7.119318872070313
4.821148046875001,7.3160453125
5.0337375,7.5398
5.2664,7.7926
