x,y
1.3832,0.9768
1.6432375000000001,1.22583125
1.89047275390625,1.467920703125
2.1253521636962893,1.703226986694336
2.3483152120590214,1.9318988465309144
2.5597940760523086,2.154076084128022
2.760213284185622,2.369890424935986
2.94998941423113,2.579466321684962
3.1397655442766377,2.789042218433938
3.31889859623434,2.992379671123927
3.4878051478764043,3.189603132485087
3.6468938262376933,3.3808297825274063
3.796565005426854,3.5661703318635007
3.937210545165837,3.7457297600675377
4.069213567361236,3.91960799298659
4.201216589556635,4.093486225905642
4.32457709420845,4.261683263539709
4.439678203223274,4.424299031735863
4.546894300692342,4.5814284026140815
4.646590809462872,4.733161871878593
4.739124005741207,4.879586175081658
4.8248408690311715,5.020784846756044
4.910557732321136,5.161983518430429
4.98945826262273,5.297956558576134
5.061889439439774,5.428787501725927
5.128188945573569,5.554556681393088
5.188685017061235,5.675341789203882
5.24369632844925,5.791218376898766
5.293531910705568,5.902260305118562
5.343367492961885,6.013302233338357
5.388027346086504,6.119509502083064
5.427820501047375,6.220955971993507
5.463046345233919,6.317713812610881
5.49399454036914,6.4098539511629395
5.520944973060304,6.4974464681351805
5.544167735291577,6.580560943543313
5.567390497522849,6.6636754189514456
5.58688558929423,6.742311852795469
5.602923102589884,6.816539825091093
5.6157633347708735,6.886428415384238
5.6256567690677945,6.952046549023502
5.632844085015357,7.013463294133917
5.637556196132303,7.070748113208265
5.642268307249249,7.128032932282613
5.644505213535577,7.181185825320894
5.644497828510032,7.230276254815889
5.642467299675383,7.275374077628134
5.638625046198349,7.316549796577241
5.633172823834839,7.353874766650785
5.626302814403898,7.38742135974706
5.619432804972958,7.420967952843336
5.611145008474589,7.450736168962344
5.601631606727839,7.476798380002379
5.5910752076148995,7.499227974772453
5.579648934555054,7.518099523735046
5.567516540527344,7.5334889022827145
5.554832543945313,7.545473376464844
5.542148547363282,7.557457850646973
5.52891294822693,7.566037420463562
5.5152802649498,7.571289351963997
5.501395781379939,7.573292301854491
5.487395682674647,7.572126403224841
5.4734072130273095,7.567873313725321
5.459548852549703,7.560616230110016
5.445690492072096,7.55335914649471
5.43196224076422,7.543098068763618
5.418482578737848,7.529916193670826
5.405361222023145,7.513898257074226
5.392699299450964,7.4951305484788495
5.380589548690617,7.473700891946629
5.369116528746485,7.449698597288877
5.3576435088023535,7.425696302631125
5.346807219674437,7.399121369847842
5.336692220367118,7.37006310875034
5.327374891219846,7.338612314899313
5.318923646403755,7.304861220797315
5.311399162877118,7.268903417363962
5.304854623103025,7.2308337496101345
5.298310083328932,7.192764081856307
5.292745487307384,7.1525825497820055
5.288214017501473,7.110383998398111
5.28476136187911,7.066264526806773
5.282425956630707,7.0203213838756096
5.281239242649079,6.972652838110925
5.281225933074952,6.92335802564621
5.281212623500824,6.874063213181495
5.282372718334198,6.823142134016752
5.284730930715799,6.770693924285471
5.288305246034264,6.7168185877483335
5.293107189471646,6.6616168437817125
5.299142104614526,6.605189953481474
5.306409440434095,6.5476395277983555
5.313676776253665,6.4900891021152365
5.322176532749924,6.431415141049237
5.331908158894068,6.37171925555109
5.342865209041907,6.311103406426403
5.355035629913955,6.24966971247103
5.368402055944501,6.187520240638031
5.382942110303043,6.124756782152502
5.397482164661586,6.061993323666973
5.413195847348123,5.9986158785289145
5.430060781532153,5.934726237963419
5.448049579118377,5.870425917467614
5.467130141768138,5.805815932925487
5.487265967593202,5.740996562670578
5.508416460825293,5.676067099412826
5.529566954057384,5.6111376361550755
5.551732114696502,5.546098079894483
5.574871346974372,5.481047723340987
5.5989399612426745,5.416084873580932
5.623889483642577,5.351306604003906
5.649667968749998,5.28680849609375
5.676220312499999,5.222684375
5.70277265625,5.15856025390625
5.730098858642577,5.094810119628907
5.758143815612792,5.031527797317505
5.78684926445484,4.968805355787277
5.816154096746444,4.906732843090594
5.845994671552349,4.8453980158688505
5.876305126210326,4.78488606640108
5.906615580868302,4.72437411693331
5.937395915378351,4.664685045219515
5.968580267078243,4.605904043538728
6.000100551578774,4.548113739807624
6.031886773549765,4.491393924629129
6.063867335088551,4.4358212760377675
6.095969338974356,4.381469085858017
6.128071342860162,4.327116895678267
6.160294789092987,4.273985163910128
6.192566780452057,4.222147182378079
6.224813120398483,4.171672856696555
6.256958616329635,4.122628432628302
6.288927377719384,4.075076224055758
6.320643106447601,4.029074346481723
6.352358835175819,3.9830724689076886
6.3838215312425035,3.9386209223321638
6.414954896527528,3.895777822257951
6.445682225316762,3.8545970858082175
6.4759266946315766,3.815128165227175
6.505611646747589,3.7774157869100575
6.534660861206055,3.741499699878693
6.56371007566452,3.7055836128473283
6.592123552465439,3.671463817101717
6.619825071150064,3.639180061663687
6.646738848525286,3.6087671181816607
6.67278981067501,3.580254529406224
6.6979038544641805,3.5536663671112856
6.722008095838804,3.5290210033771174
6.746112337213429,3.5043756396429497
6.769206776173506,3.481673074469552
6.791218528665044,3.4609316799371967
6.812075929715112,3.442164128432516
6.831708781731875,3.4253771639315413
6.850048589600624,3.410571386644617
6.867028779879213,3.3977410549394786
6.884008970157803,3.3849107232343405
6.899629542846233,3.3740558371109888
6.913823924502358,3.365170654937159
6.926527463356592,3.358243093237979
6.937677648507339,3.353254528619046
6.94721431321581,3.35017961696767
6.955079819603615,3.3489861338485674
6.96294532599142,3.3477926507294646
6.969139674058558,3.348480596142635
6.973605225926638,3.351017745652795
6.976286872577667,3.3553649945020676
6.977132218551636,3.3614761980056764
6.9760917480468745,3.3692980331420896
6.9731189697265625,3.3787698852539063
6.970146191406251,3.388241737365723
6.965241105270386,3.399363606452942
6.9583572199821475,3.412074877858162
6.949451068669557,3.42630764528811
6.938482353731989,3.441986597514525
6.925414070352819,3.4590289301857817
6.910212606021599,3.4773442866655357
6.895011141690379,3.4956596431452898
6.87767649640711,3.515248023433541
6.858175057661347,3.536019070893945
6.836476605248824,3.5578748766054398
6.812554410793632,3.580709920200892
6.786385313279927,3.6044110397327693
6.757949767896533,3.6288574344821276
6.7295142225131395,3.653303829231486
6.698812229260058,3.678495499198325
6.665824243326114,3.7043116436637007
6.6305343361048035,3.7306238231372557
6.592930244038907,3.7572959621662045
6.553003390777997,3.7841843850876327
6.510748879952241,3.811137888640393
6.468494369126486,3.838091392193153
6.4239122007358835,3.865109976377245
6.376997478410603,3.892042437931523
6.327748985761405,3.9187300459966066
6.2761691791534435,3.9450066147267817
6.222264151096344,3.970698612761497
6.1660435615539555,3.9956253134727477
6.109822972011567,4.020552014183998
6.051286820983887,4.044713417571783
5.990444768434763,4.067928797008097
5.92731004178226,4.090010230597481
5.861899367208406,4.110762751424406
5.794232868888601,4.129984538576542
5.724333933444065,4.147467152860207
5.6544349979995285,4.164949767143873
5.58230362543026,4.180693208559067
5.5079632023574785,4.194489037912106
5.431440377848223,4.206122197727952
5.352764927867801,4.215371247965656
5.271969584955276,4.222008646425977
5.189089830425382,4.2258010777674615
5.106210075895488,4.229593509108946
5.0212459097482265,4.230540973331593
4.93423281329833,4.2284101550939495
4.8452090166362005,4.222961965912348
4.754215290829819,4.213951873176988
4.661294702653075,4.201130277776475
4.566492329143896,4.184242944247107
4.471689955634717,4.16735561071774
4.375005796793102,4.14640253905952
4.276484929656982,4.121129493808747
4.176174441528319,4.091277603149415
4.074123144531249,4.0565837890625005
3.97038125,4.01678125
3.865,3.9716
