x,y
3.0,0.0
2.953125,0.046875
2.907958984375,0.093017578125
2.8644485473632812,0.138427734375
2.8209381103515625,0.183837890625
2.779083251953125,0.228515625
2.73883056640625,0.2724609375
2.698577880859375,0.31640625
2.6599273681640625,0.359619140625
2.6228256225585938,0.402099609375
2.585723876953125,0.444580078125
2.5501708984375,0.486328125
2.51611328125,0.52734375
2.4820556640625,0.568359375
2.449493408203125,0.608642578125
2.4183731079101562,0.648193359375
2.3872528076171875,0.687744140625
2.357574462890625,0.7265625
2.32928466796875,0.7646484375
2.300994873046875,0.802734375
2.2740936279296875,0.840087890625
2.2485275268554688,0.876708984375
2.22296142578125,0.913330078125
2.19873046875,0.94921875
2.17578125,0.984375
2.15283203125,1.01953125
2.13116455078125,1.053955078125
2.1107254028320312,1.087646484375
2.0902862548828125,1.121337890625
2.071075439453125,1.154296875
2.05303955078125,1.1865234375
2.035003662109375,1.21875
2.0181427001953125,1.250244140625
2.0024032592773438,1.281005859375
1.986663818359375,1.311767578125
1.9720458984375,1.341796875
1.95849609375,1.37109375
1.9449462890625,1.400390625
1.932464599609375,1.428955078125
1.9209976196289062,1.456787109375
1.9095306396484375,1.484619140625
1.899078369140625,1.51171875
1.88958740234375,1.5380859375
1.880096435546875,1.564453125
1.8715667724609375,1.590087890625
1.8639450073242188,1.614990234375
1.8563232421875,1.639892578125
1.849609375,1.6640625
1.84375,1.6875
1.837890625,1.7109375
1.8328857421875,1.733642578125
1.8286819458007812,1.755615234375
1.8244781494140625,1.777587890625
1.821075439453125,1.798828125
1.81842041015625,1.8193359375
1.815765380859375,1.83984375
1.8138580322265625,1.859619140625
1.8126449584960938,1.878662109375
1.811431884765625,1.897705078125
1.8109130859375,1.916015625
1.81103515625,1.93359375
1.8111572265625,1.951171875
1.811920166015625,1.968017578125
1.8132705688476562,1.984130859375
1.8146209716796875,2.000244140625
1.816558837890625,2.015625
1.81903076171875,2.0302734375
1.821502685546875,2.044921875
1.8245086669921875,2.058837890625
1.8279953002929688,2.072021484375
1.83148193359375,2.085205078125
1.83544921875,2.09765625
1.83984375,2.109375
1.84423828125,2.12109375
1.84906005859375,2.132080078125
1.8542556762695312,2.142333984375
1.8594512939453125,2.152587890625
1.865020751953125,2.162109375
1.87091064453125,2.1708984375
1.876800537109375,2.1796875
1.8830108642578125,2.187744140625
1.8894882202148438,2.195068359375
1.895965576171875,2.202392578125
1.9027099609375,2.208984375
1.90966796875,2.21484375
1.9166259765625,2.220703125
1.923797607421875,2.225830078125
1.9311294555664062,2.230224609375
1.9384613037109375,2.234619140625
1.945953369140625,2.23828125
1.95355224609375,2.2412109375
1.961151123046875,2.244140625
1.9688568115234375,2.246337890625
1.9766159057617188,2.247802734375
1.984375,2.249267578125
1.9921875,2.25
2.0,2.25
2.0078125,2.25
2.015625,2.249267578125
2.0233840942382812,2.247802734375
2.0311431884765625,2.246337890625
2.038848876953125,2.244140625
2.04644775390625,2.2412109375
2.054046630859375,2.23828125
2.0615386962890625,2.234619140625
2.0688705444335938,2.230224609375
2.076202392578125,2.225830078125
2.0833740234375,2.220703125
2.09033203125,2.21484375
2.0972900390625,2.208984375
2.104034423828125,2.202392578125
2.1105117797851562,2.195068359375
2.1169891357421875,2.187744140625
2.123199462890625,2.1796875
2.12908935546875,2.1708984375
2.134979248046875,2.162109375
2.1405487060546875,2.152587890625
2.1457443237304688,2.142333984375
2.15093994140625,2.132080078125
2.15576171875,2.12109375
2.16015625,2.109375
2.16455078125,2.09765625
2.16851806640625,2.085205078125
2.1720046997070312,2.072021484375
2.1754913330078125,2.058837890625
2.178497314453125,2.044921875
2.18096923828125,2.0302734375
2.183441162109375,2.015625
2.1853790283203125,2.000244140625
2.1867294311523438,1.984130859375
2.188079833984375,1.968017578125
2.1888427734375,1.951171875
2.18896484375,1.93359375
2.1890869140625,1.916015625
2.188568115234375,1.897705078125
2.1873550415039062,1.878662109375
2.1861419677734375,1.859619140625
2.184234619140625,1.83984375
2.18157958984375,1.8193359375
2.178924560546875,1.798828125
2.1755218505859375,1.777587890625
2.1713180541992188,1.755615234375
2.1671142578125,1.733642578125
2.162109375,1.7109375
2.15625,1.6875
2.150390625,1.6640625
2.1436767578125,1.639892578125
2.1360549926757812,1.614990234375
2.1284332275390625,1.590087890625
2.119903564453125,1.564453125
2.11041259765625,1.5380859375
2.100921630859375,1.51171875
2.0904693603515625,1.484619140625
2.0790023803710938,1.456787109375
2.067535400390625,1.428955078125
2.0550537109375,1.400390625
2.04150390625,1.37109375
2.0279541015625,1.341796875
2.013336181640625,1.311767578125
1.9975967407226562,1.281005859375
1.9818572998046875,1.250244140625
1.964996337890625,1.21875
1.94696044921875,1.1865234375
1.928924560546875,1.154296875
1.9097137451171875,1.121337890625
1.8892745971679688,1.087646484375
1.86883544921875,1.053955078125
1.84716796875,1.01953125
1.82421875,0.984375
1.80126953125,0.94921875
1.77703857421875,0.913330078125
1.7514724731445312,0.876708984375
1.7259063720703125,0.840087890625
1.699005126953125,0.802734375
1.67071533203125,0.7646484375
1.642425537109375,0.7265625
1.6127471923828125,0.687744140625
1.5816268920898438,0.648193359375
1.550506591796875,0.608642578125
1.5179443359375,0.568359375
1.48388671875,0.52734375
1.4498291015625,0.486328125
1.414276123046875,0.444580078125
1.3771743774414062,0.402099609375
1.3400726318359375,0.359619140625
1.301422119140625,0.31640625
1.26116943359375,0.2724609375
1.220916748046875,0.228515625
1.1790618896484375,0.183837890625
1.1355514526367188,0.138427734375
1.092041015625,0.093017578125
1.046875,0.046875
1.0,0.0
