x,y
2.9255,1.7041
2.8632437499999996,1.7736812499999999
2.8045763671875,1.8443305664062497
2.74945830078125,1.9159299346923826
2.6978473625183104,1.988363947868347
2.649698853445053,2.061519903695583
2.6015503443717956,2.1346758595228192
2.5568642644882202,2.2085537580013272
2.5155959148406986,2.2830408968925475
2.4776980857849122,2.3580272787094114
2.4431211837768556,2.4334057079315183
2.408544281768799,2.5087841371536257
2.377288306808472,2.5845546137809756
2.3493036653518677,2.660609942293167
2.3245383799552917,2.736845729136467
2.3029382160663605,2.813160479938984
2.281338052177429,2.889475230741501
2.2629030097961422,2.965868945503235
2.2475788543701167,3.042240129852295
2.2353090942382807,3.118490188598633
2.2260351074218745,3.194523522949219
2.2167611206054683,3.2705568572998045
2.210482907104492,3.3463734672546384
2.207141844940185,3.4218777540206906
2.2066771818161004,3.4969771152019495
2.2090261619091027,3.5715820420145983
2.211375142002105,3.646186968827247
2.2165377653121943,3.7202974612712856
2.224451276016235,3.793824010562896
2.235050914764404,3.866680201530456
2.248270045471191,3.9387828098297115
2.261489176177978,4.010885418128966
2.277327798843383,4.082234443759917
2.295719277381896,4.152746662378311
2.31659509897232,4.222342040467262
2.3398850008487697,4.290943832552433
2.36317490272522,4.359545624637603
2.388878884887695,4.427153830718993
2.4169266845703126,4.493691705322265
2.4472462890625,4.559085791015624
2.4797640624999997,4.623266015624999
2.5122818359374994,4.687446240234374
2.546997778320312,4.750412603759765
2.5838382537841795,4.812095034027099
2.622728003311157,4.8724268441200245
2.6635902715206146,4.931344829595088
2.704452539730072,4.990262815070151
2.747287326622009,5.0477669759273525
2.7920178768157955,5.103794107723235
2.8385659385681152,5.158284488487243
2.886851890563965,5.2111819759368885
2.9351378425598145,5.264079463386535
2.985161684799194,5.315384057521819
3.0368437959671017,5.3650396160602565
3.090103185176849,5.412993576407432
3.1448576187610624,5.459197052872181
3.199612052345276,5.505400529336929
3.255861530303955,5.54985352191925
3.3135238189697267,5.592507144927978
3.372515441894531,5.633316189575195
3.432751806640625,5.672239221191406
3.4929881713867186,5.7111622528076165
3.5544692779541016,5.748199271392822
3.6171105339050293,5.783308842277526
3.6808262308120727,5.8164533049106595
3.745529671049118,5.847598870074749
3.810233111286163,5.878744435238838
3.87592429485321,5.907891102933883
3.9425165241241453,5.935005083942412
4.00992211227417,5.960056460380553
4.078052510070801,5.983019282913207
4.146182907867432,6.005982105445861
4.215038115310669,6.026856374073028
4.28452958316803,6.045616139459609
4.354567899799347,6.062239420819282
4.42506291794777,6.0767083031296725
4.4955579360961915,6.0911771854400625
4.566509655761719,6.103491668701171
4.6378279296875,6.1136338378906245
4.709421875,6.12158984375
4.7812,6.12735
4.852978125,6.13311015625
4.9249404296875,6.136674462890625
4.996995422363281,6.138033233642577
5.069051002502441,6.137180945205688
5.141014587545395,6.134116334474086
5.212978172588349,6.131051723742485
5.284849762535096,6.1257747907161715
5.356536774826051,6.1182842722892765
5.427946144866944,6.108583165550232
5.498984452819824,6.096678824996948
5.570022760772705,6.084774484443664
5.640690006637573,6.070666910076142
5.710892770576477,6.054363456392288
5.780537277507782,6.035875835299492
5.849529523897171,6.015220213329792
5.91852177028656,5.994564591360092
5.986861756134033,5.971740968513489
6.0544554779052735,5.946765511322022
6.121208703613282,5.919658840942383
6.1870270996093755,5.890446130371094
6.252845495605469,5.861233419799805
6.317729061889649,5.8299146690368655
6.381583464813233,5.796515051078797
6.444314269065858,5.761064290761947
6.5058270644664775,5.723596761977673
6.567339859867097,5.686129233193397
6.627634646415712,5.646644935941696
6.686617013931276,5.605178244113922
6.744192577362061,5.561768180656433
6.800267103576661,5.516458514785766
6.8563416297912605,5.4711488489150994
6.910915118789674,5.423939580631256
6.963893337440492,5.3748744791507725
7.015182204532625,5.324002059960366
7.0646879175663,5.271375682032108
7.114193630599976,5.218749304103851
7.161916189575196,5.164368967437744
7.207761791992188,5.108288031005859
7.2516369140625,5.050564697265625
7.2934484375,4.9912621093750005
7.335259960937501,4.931959521484376
7.375007885742188,4.87107767944336
7.4125990936279305,4.808679726409913
7.447940871810914,4.7448337462425245
7.480941039800645,4.679612860715391
7.513941207790376,4.614391975188257
7.544599765586854,4.547796184301378
7.5728245326995856,4.47989860982895
7.598523860931397,4.410777411460877
7.621606761169434,4.340515884017945
7.644689661407471,4.270254356575013
7.665156133651733,4.198852500057221
7.682915188789368,4.126393609285355
7.69787649679184,4.052966114211083
7.709950513505936,3.97866367713213
7.722024530220032,3.9043612400531766
7.731211255645752,3.829183860969543
7.737421145629883,3.753225202178955
7.740565441894531,3.6765841583251953
7.740556298828125,3.5993649536132812
7.7405471557617185,3.5221457489013672
7.737384573364258,3.444348383331299
7.7309807060241695,3.3660770811080933
7.721248620796203,3.287441395998001
7.708102424192428,3.208556308543682
7.694956227588653,3.129671221089363
7.67839591960907,3.0505367312908174
7.658335606765747,2.9712678196907043
7.634690435028077,2.891984893608093
7.60737671661377,2.8128138843536377
7.5800629981994625,2.733642875099182
7.549080733108521,2.654583782672882
7.514346233558655,2.5757625383853915
7.4757769780159,2.4973105975389482
7.433291737985611,2.4193650366425516
7.390806497955323,2.341419475746155
7.3444052734375,2.263980294799805
7.2940068359375,2.1871845703125
7.239531250000001,2.1111750000000002
7.1809,2.0361
