x,y
1.3832,0.9768
1.51321875,1.101315625
1.6400369384765625,1.22409580078125
1.76371036567688,1.3451603557586669
1.884294399392605,1.464528500753641
2.00184396288665,1.5822188582804984
2.1164135234985046,1.6982494907567116
2.2280570819070005,1.8126379276674536
2.3397006403154963,1.9270263645781958
2.4484181965206324,2.0397726059234667
2.5542637512012405,2.1508941811884394
2.6572908383754927,2.2604080869259877
2.7575525146636704,2.368330813921239
2.855101349208376,2.474678373310474
2.94998941423113,2.579466321684962
3.0448774792538837,2.6842542700594496
3.137104774754686,2.787482607419191
3.226723372955058,2.8891668903554555
3.3137848491554394,2.989322220914502
3.398340272291784,3.0879632717014163
3.4804401961285394,3.1851043099688887
3.560134651066939,3.2807592207215244
3.639829106005339,3.37641413147416
3.717118092045383,3.47058291471196
3.7920516395883053,3.5632794554395284
3.864679255672125,3.6545172564133885
3.935049915779941,3.7443094612462913
4.0032120562635365,3.832668876527064
4.069213567361236,3.91960799298659
4.135215078458936,4.006547109446116
4.199055960170739,4.092065927084396
4.26078410273497,4.176176936632313
4.320446850276494,4.258892312962809
4.37809099382457,4.34022393625686
4.433762764924951,4.42018341221559
4.487507829825169,4.49878209134911
4.541252894725387,4.57738077048263
4.5930712534254425,4.654618652790941
4.643008572172867,4.730507088784152
4.691109951916968,4.8050571737813605
4.737419922494114,4.878279767199489
4.781982437386189,4.9501855109188515
4.8248408690311715,5.020784846756044
4.867699300676154,5.091384182593236
4.908853649074043,5.160677110548258
4.948347286662818,5.228674072437707
4.986223004836548,5.29538531001446
5.022523009255968,5.360820882440566
5.057288915711166,5.4249906828674614
5.090561746515311,5.4879044541541
5.123834577319455,5.550818225440739
5.155614332472545,5.612475967587121
5.185942034287752,5.672887423452201
5.214858111601324,5.73206218560245
5.242402396166326,5.7900097120299945
5.268614119577409,5.846739341008664
5.293531910705568,5.902260305118562
5.3184497018337265,5.957781269228459
5.34207356067896,6.012093568469584
5.364442116112263,6.065206435422041
5.3855933942809715,6.117128996972205
5.4055648160435155,6.167870288337293
5.424393194914154,6.217439266258451
5.442114735496612,6.265844821392939
5.45983627607907,6.314250376527428
5.476450978373347,6.36149250887525
5.491995046983169,6.407580109093669
5.506504077601729,6.452522001756069
5.5200130554453315,6.496326957744154
5.532556354175941,6.539003705839247
5.544167735291577,6.580560943543313
5.555779116407213,6.622118181247379
5.566458579907876,6.662555908560418
5.576239887291587,6.701882822984393
5.585156187892423,6.740107590741907
5.59324001827091,6.777238857597214
5.600523302072266,6.813285258906944
5.607037350331408,6.848255428931127
5.613551398590552,6.883225598955309
5.619296211307481,6.917119537693944
5.624303099517117,6.949945879407062
5.628602761644078,6.981713257258095
5.632225283807703,7.0124303126249
5.63520014057383,7.042105703671091
5.637556196132303,7.070748113208265
5.639912251690776,7.0993905227454395
5.6416495060415945,7.126999950773596
5.642796823374601,7.153585080104334
5.643382457503641,7.179154618197236
5.643434053044059,7.203717305022096
5.6429786470159025,7.227281920212053
5.642042670851772,7.249857289538209
5.641106694687641,7.272432658864366
5.639690148387536,7.294018782326721
5.637819463384057,7.314624485696379
5.635520465522355,7.334258640882409
5.632818377067981,7.3529301724064675
5.629737819119368,7.370648063198923
5.626302814403898,7.38742135974706
5.622867809688428,7.404194656295198
5.6190783582061,7.420023358599019
5.6149584826842975,7.43491651314581
5.610531607479345,7.448883229979777
5.605820561372578,7.461932687850258
5.600847580749975,7.474074138712024
5.595634313144295,7.485316911608269
5.590421045538614,7.496559684504515
5.584967490949856,7.5069037794352385
5.579295296910779,7.516358525443636
5.573425522100926,7.524933328661322
5.567378639888764,7.53263767619133
5.561174542236328,7.539481139373779
5.554832543945313,7.545473376464844
5.548490545654298,7.551465613555909
5.542010646724702,7.556606624555588
5.535412161958218,7.560906067720056
5.528713828996198,7.564373688221537
5.52193381256573,7.567019320827269
5.515089709067175,7.568852891991747
5.508198551482055,7.569884421392848
5.501307393896935,7.570915950793948
5.494369182225251,7.571145438431671
5.487400949448523,7.570582903983894
5.4804191651294385,7.569238460351874
5.473439740319742,7.567122315196374
5.4664780327885065,7.564244771917668
5.459548852549703,7.560616230110016
5.452619672310899,7.556987688302363
5.445723019364529,7.552608147965763
5.438873703724562,7.5474880086944784
5.432085987649872,7.5416377662767555
5.425373591171799,7.535068013149312
5.418749697921033,7.527789438326284
5.412226961232725,7.519812826833257
5.405704224544417,7.51183621534023
5.399282644418566,7.503161567177204
5.3929748741903225,7.493799667369764
5.386793036899297,7.483761396954942
5.380748731394671,7.473057732415246
5.374853038718551,7.461699744617753
5.369116528746485,7.449698597288877
5.36338001877442,7.437697449960001
5.357802691506407,7.425053143099742
5.352395116817997,7.411776840434515
5.347167353418177,7.397879798550068
5.342128955489899,7.383373365366256
5.337288979587763,7.368268978147462
5.332655991771809,7.352578161079303
5.328023003955855,7.336887344011144
5.323597004226083,7.320610097093618
5.319386558642533,7.303757944512341
5.315399742770686,7.28634249737416
5.311644148815254,7.268375451283843
5.308126892990071,7.249868583487048
5.304854623103025,7.2308337496101345
5.301582353215979,7.211798915733221
5.298555069267069,7.192236115776188
5.295779419064181,7.172157205365398
5.293261582009254,7.151574118507913
5.291007276683204,7.130498864331322
5.289021768645888,7.108943523420414
5.287309878430034,7.086920243781311
5.28559798821418,7.064896964142209
5.284159715819789,7.042405745774913
5.282999881779588,7.019458736685548
5.282122861599177,6.996068152301573
5.2815325937509545,6.9722462714359175
5.281232587862015,6.948005431878567
5.281225933074952,6.92335802564621
5.281219278287888,6.898710619413853
5.2815059746027,6.873656646506488
5.282089111161977,6.848208498940803
5.282971356623806,6.822378622960183
5.2841549675225625,6.796179514284352
5.285641796802613,6.769623713017072
5.28743330250384,6.742723798242471
5.289224808205066,6.71582388346787
5.2913209903274705,6.688579855185948
5.293723306910934,6.6610042924808335
5.2964328210908596,6.633109813417031
5.299450209783698,6.604909069635754
5.30277577252431,6.576414740639915
5.306409440434095,6.5476395277983555
5.31004310834388,6.5188643149567955
5.313984881422837,6.489808218269516
5.318234690792366,6.460483939105359
5.322792099160404,6.430904200699093
5.327656309789557,6.401081742155652
5.3328261755959865,6.371029312173601
5.338300208358007,6.340759662518451
5.343774241120027,6.310490012863301
5.3495524408376385,6.280003143535053
5.355633319289154,6.24931180629922
5.36201504711504,6.218428755988262
5.3686954630265005,6.1873667439748985
5.3756720831237725,6.156138511395267
5.382942110303043,6.124756782152502
5.390212137482314,6.093375052909738
5.397775571743585,6.0618398270038405
5.405629615983041,6.0301638283379475
5.4137711598928195,5.998359763582198
5.42219678936793,5.966440315177321
5.430902796001799,5.934418134118658
5.43988518664939,5.9023058325512245
5.44886757729698,5.870193530983791
5.458126351958292,5.837991108907586
5.467657517488286,5.805711178467621
5.477456796003461,5.773366312958579
5.487519634444959,5.740969039419867
5.497841214209247,5.708531831041702
5.508416460825293,5.676067099412826
5.518991707441339,5.64360236778395
5.529820620909141,5.611110112904365
5.540898126757666,5.578602746362812
5.552218894648376,5.546092618146557
5.563777348052403,5.513592008889109
5.575567673974221,5.481113121959554
5.587583832700736,5.448668075424125
5.599599991427252,5.416223028888696
5.611841982958465,5.383811822747393
5.624303767581282,5.351446575066447
5.63697907886505,5.3191393186092375
5.649861433410644,5.286901992797851
5.662944140624999,5.254746435546875
5.676220312499999,5.222684375
5.689496484374999,5.190622314453125
5.702966120910643,5.158653750610352
5.716622334098815,5.126790411615372
5.730458038516342,5.095043915840984
5.744465961103885,5.063425763625698
5.758638650949189,5.0319473289131675
5.7729684890536195,5.000619850825028
5.78729832715805,4.969292372736888
5.8017853135216075,4.938115851273139
5.816421829145659,4.907101525555415
5.831200086945193,4.876260499883336
5.846112141515366,4.845603735307344
5.8611498988813375,4.8151420411349655
5.876305126210326,4.78488606640108
5.891460353539314,4.754630091667195
5.9067330508313205,4.724579836371804
5.922114985253566,4.694745949549786
5.9375977851153365,4.665138919963372
5.953172949580044,4.635769067572416
5.968831858339517,4.606646534968673
5.984565781229444,4.577781278804691
6.00029970411937,4.548916022640708
6.016108641139752,4.520308042916485
6.031983862126281,4.491967296284567
6.04791652705851,4.463903553458291
6.063897695675306,4.43612639064067
6.079918337031454,4.408645180947892
6.095969338974356,4.381469085858017
6.112020340917259,4.354292990768142
6.128101703446917,4.32742201028117
6.144204314410732,4.30086530587516
6.160318980448728,4.274631827390045
6.17643643647024,4.248730304476327
6.192547355050715,4.223169238068984
6.208642355727522,4.197956891917164
6.224737356404329,4.172744545765345
6.240816439177468,4.147880919869049
6.2568702235843086,4.123374277977429
6.272889276124142,4.099232646653807
6.288864119554001,4.075463806805385
6.304785242083493,4.0520752852687405
6.320643106447601,4.029074346481723
6.33650097081171,4.006073407694705
6.352295577010436,3.9834600516573158
6.368017387778762,3.9612415428074037
6.383656840377048,3.9394248831840923
6.399204355663825,3.918016804099674
6.414650347046548,3.8970237578979017
6.429985229289245,3.876451909829271
6.445320111531942,3.85588006176064
6.46054388463461,3.835729411825151
6.475646963361278,3.8160061252733
6.490619763832539,3.796716080262326
6.505452712333202,3.777864859731496
6.520136253976822,3.759457743394375
6.534660861206055,3.741499699878693
6.5491854684352875,3.7235416563630106
6.563551141250134,3.7060326856687666
6.577748352093249,3.6889777564236894
6.591767600736395,3.6723815261696697
6.605599422780785,3.6562483335026217
6.619234397993274,3.6405821903599325
6.632663158457285,3.6253867744860937
6.646091918921295,3.6101913586122554
6.659314464636825,3.595466670007267
6.672321427687299,3.581216386415621
6.685103492472708,3.567443851388913
6.697651403860544,3.554152066751478
6.709955975151493,3.5413436852442013
6.722008095838804,3.5290210033771174
6.7340602165261165,3.5166983215100336
6.745859886609792,3.504861339283142
6.757397995583082,3.4935123532064773
6.768665509131803,3.4826533035592204
6.779653476893715,3.4722857672422958
6.790353040011585,3.462410950839744
6.800755438458866,3.453029683919472
6.811157836906148,3.4436484169992005
6.821263070682841,3.4347606995612088
6.831062379762402,3.4263673611734036
6.840547102948977,3.4184688543875588
6.849708685203083,3.4110652480400634
6.858538684739918,3.4041562207920477
6.867028779879213,3.3977410549394786
6.875518875018508,3.3913258890869096
6.883669065760262,3.385404584629787
6.89147103042421,3.379976423864078
6.898916567434616,3.3750402927205867
6.905997602170139,3.37059467457505
6.912706193565241,3.366637644328206
6.919034540442082,3.3631668627864273
6.925362887318922,3.359696081244649
6.931310989677501,3.3567115484079357
6.936871046339976,3.354210925082662
6.942035396016207,3.3521914579808367
6.946796523635643,3.3506499741007385
6.951147066409712,3.3495828754081187
6.955079819603615,3.3489861338485674
6.959012572797517,3.348389392289016
6.962527536411253,3.348263007862533
6.965617505710023,3.3486029525147076
6.968275434012804,3.3494047681709676
6.970494438464145,3.3506635617489438
6.97226780551539,3.3523740005019986
6.973588996094242,3.3545303077245157
6.974910186673094,3.356686614947033
6.975779200779553,3.3592887906390123
6.976189499341324,3.3623310580948367
6.97613471776247,3.365807196649909
6.975608671092987,3.3697105373859406
6.974605358886718,3.374033959197998
6.9731189697265625,3.3787698852539063
6.971632580566407,3.3835058113098144
6.969663114452363,3.3886542416095735
6.967204759967328,3.3942075993210077
6.964251894723253,3.4001578518847007
6.960799089886342,3.406496507473395
6.956841114369546,3.4132146118437534
6.952372938671259,3.420302745611065
6.947904762972973,3.4273908793783767
6.942926387093196,3.434849042542642
6.937432781530323,3.442667815719151
6.931419118368197,3.450837314381821
6.924880775114806,3.459347186137906
6.917813338187209,3.4681866084256585
6.910212606021599,3.4773442866655357
6.902611873855989,3.486501964905413
6.894477846452366,3.495977899097414
6.885806322246927,3.5057607946619966
6.876593311694999,3.5158388850018225
6.866835040381119,3.5261999296529667
6.856527951754243,3.536831212889672
6.845668709467046,3.5477195428132475
6.8348094671798485,3.5586078727368227
6.823398071232331,3.5697532493472677
6.811431185277168,3.5811424807458914
6.798905693170754,3.592761898861069
6.785818701312505,3.6045973585371396
6.77216754058823,3.6166342371074487
6.757949767896533,3.6288574344821276
6.743731995204836,3.6410806318568065
6.728947610545718,3.653490148035856
6.71359417081778,3.6660708829294077
6.697669458932419,3.67880725902438
6.681171485340215,3.6916832214722595
6.664098489140343,3.7046822386916194
6.64644893875193,3.7177873035159763
6.628799388363516,3.730892368340333
6.610573283786561,3.744103480769687
6.591769093440187,3.7574036336375545
6.57238551506347,3.770775344192395
6.552421476386785,3.7842006552454657
6.531876135365119,3.7976611368640127
6.510748879952241,3.811137888640393
6.489621624539364,3.824614640416773
6.467912454735274,3.838107662350986
6.445620758493744,3.8515980540353887
6.422746153767331,3.8650664445874483
6.399288488281563,3.8784929949188642
6.375247838849993,3.891857400580621
6.350624510209079,3.905138895214569
6.326001181568166,3.918420389848517
6.300795173717908,3.931618973454656
6.275006791394763,3.944713879674836
6.248636567258091,3.957683880241774
6.221685260725022,3.970507288430631
6.1941538563251495,3.9831619631171225
6.1660435615539555,3.9956253134727477
6.1379332667827615,4.008088663828373
6.109244081640244,4.020360689853131
6.079977213621885,4.032418800718523
6.050134093189053,4.044239955891832
6.019716371622437,4.0558006698313545
5.988725918374216,4.067077017318759
5.957164817897915,4.078044639459156
5.925603717421613,4.089012261599552
5.893471969717232,4.0996711583929395
5.860771659238294,4.109996970944428
5.827505085439668,4.119964906682567
5.793674759607418,4.129549745359424
5.759283401166333,4.138725845718374
5.724333933444065,4.147467152860207
5.689384465721797,4.1562084600020395
5.6538768887183455,4.164514973926755
5.617814125761363,4.172360639735142
5.581199304081367,4.179718988885405
5.544035750575875,4.186563146559273
5.5063269870301585,4.1928658397264185
5.468076724773531,4.198599405937795
5.429826462516903,4.204332972149173
5.391034701549365,4.209497411404782
5.351705153200229,4.214065061255576
5.311841718342855,4.218007869833789
5.271448482050934,4.221297404646268
5.230529707690328,4.2239048620967194
5.189089830425382,4.2258010777674615
5.147649953160435,4.2276972934382036
5.105688972991146,4.2288822673292366
5.063211325081857,4.229326835022878
5.020221616395388,4.229001471280059
4.97672461919935,4.227876300322073
4.932725263986926,4.225921106871838
4.888228631791068,4.223105347985259
4.84373199959521,4.220289589098679
4.798738090415917,4.216613264775756
4.75325198528614,4.212045832072392
4.7072789157785975,4.20655642037748
4.660824256319966,4.200113843244261
4.613893515898486,4.192686611011791
4.566492329143896,4.184242944247107
4.519091142389307,4.175799277482424
4.4712195093016085,4.166339176185527
4.422883064510542,4.155830860923455
4.374087568287353,4.1442422624912245
4.3248388976247245,4.131541035354001
4.275143036689073,4.1176945719099605
4.2250060666240925,4.1026700176044475
4.174869096559112,4.087645463298935
4.124291017364803,4.07144281813195
4.07327791018486,4.054029227548838
4.0218359531402585,4.035371590042114
3.9699714111328124,4.015436572265625
3.917690625,3.994190625
3.865,3.9716
