x,y
7.6168,1.8029
7.58691875,1.7961765625
7.556517138671875,1.7898775390625
7.525618555450439,1.7840041770935058
7.494245945125818,1.7785575608849524
7.462421812561434,1.773538611470256
7.430168227462756,1.7689480866955214
7.397506829191275,1.7647865814963581
7.3644588316184,1.761054528370545
7.331410834045524,1.7573224752447318
7.297976237171255,1.7540198741922686
7.264176254867,1.751147157710934
7.230031675514088,1.7487045958606764
7.19556286685766,1.7466922967362788
7.160789780900501,1.745110207135875
7.12573195883148,1.7439581134155617
7.0904085359835705,1.7432356425206423
7.055085113135661,1.742513171625723
7.019496089508862,1.7422203235561975
6.9836606004361474,1.7423567252573702
6.9475973753945945,1.7429218442637522
6.9113247429634,1.743914989730308
6.874860635811466,1.7453353136403336
6.838222595709492,1.7471818121805092
6.801427778561771,1.749453327273958
6.7646329614140495,1.7517248423674068
6.727681367220578,1.7544213740141288
6.690590151885647,1.757541764137247
6.6533760854471335,1.7610847003963266
6.61605555710829,1.765048717720434
6.578644580289231,1.7694321999992009
6.5411587976932815,1.7742333819227292
6.503613486383646,1.7794503509614614
6.46606817507401,1.7846673200001937
6.4284633350506875,1.7903000761541301
6.390814243376882,1.7963467068937136
6.353135811475671,1.8028051524697288
6.315442590206667,1.8096732078931734
6.277748774952974,1.8169485250550972
6.240068210713876,1.8246286149775375
6.202414397198905,1.8327108501869709
6.164760583683934,1.8407930853964043
6.12713352089309,1.849277465892831
6.089546708535906,1.8581613642027275
6.052013301032164,1.8674420143570098
6.014546112605972,1.8771165142644863
5.977157622381221,1.8871818282078268
5.939859979474109,1.8976347894534733
5.9026650080786105,1.9084721029672083
5.865470036683113,1.9193094164809432
5.828377736799229,1.9305310822627666
5.791399932620937,1.9421338052784605
5.754548123419993,1.9541141621931462
5.7178334886314115,1.9664686040868524
5.681266892931902,1.9791934592757394
5.644858891307171,1.9922849362306967
5.6086197341042405,2.0057391265853264
5.57238057690131,2.0191933169399565
5.5363102641201785,2.0330102206942593
5.500419046107869,2.0471859294818375
5.464716868572715,2.061716418099007
5.429213377636683,2.0765975475127805
5.393917924872692,2.0918250679582355
5.358839572323113,2.1073946221172806
5.323987097495794,2.123301748371124
5.289134622668476,2.139208874624967
5.254508025563416,2.1554535729736086
5.220116083688464,2.1720313817982557
5.18596729001695,2.1889377351794157
5.152069857983717,2.2061679661493616
5.118431726458706,2.223717310018305
5.085060564694469,2.241580907766573
5.051963777244254,2.2597538094953977
5.018866989794038,2.2779267112242225
4.986044576657843,2.296408916933604
4.953503942388913,2.315195476724774
4.921252226841187,2.334281349819869
4.889296310087372,2.3536614080127167
4.857642817307588,2.3733304391782344
4.826298123645204,2.3932831508330326
4.795268359026728,2.4135141737401264
4.764238594408253,2.4337451966472208
4.7335237588336865,2.454254530806611
4.703129982229537,2.4750368069813122
4.673063149305456,2.4960865791807447
4.643328904374129,2.5173983282654415
4.613932656135233,2.5389664655958635
4.584879582420323,2.5607853367182125
4.556174634895753,2.5828492250804325
4.527469687371184,2.6049131134426524
4.499112866036958,2.6272220190447433
4.471109122559431,2.6497702253346485
4.443463182439765,2.6725519536620537
4.4161795497168495,2.6955613669943874
4.389262511628272,2.71879257366301
4.362716143226432,2.7422396311327812
4.336544311947167,2.76589654978849
4.310372480667901,2.7895534684441983
4.28457518651121,2.813420248285844
4.259156296912929,2.8374908996982153
4.234119471692326,2.861759385986028
4.209468167620727,2.886219627160356
4.185205642942632,2.91086550374192
4.161334961846693,2.935690860574723
4.137858998884132,2.960689510643812
4.114383035921572,2.9856881607129004
4.091301791092391,3.010860104018274
4.068618138947813,3.0361991535449793
4.046334764401635,3.0616990904191046
4.024454167148646,3.08735366772554
4.002978666030492,3.113156614329862
3.9819104033465864,3.1391016386981185
3.961251349107874,3.165182432708588
3.9405922948691616,3.191263226719057
3.920342449075643,3.2174797903717396
3.900503781738265,3.2438258155449144
3.8810780905795106,3.270294977529093
3.862067005287173,3.296880938838779
3.8434719917110014,3.3235773530162045
3.825294356000046,3.350377868421114
3.8075352486787866,3.377276132000964
3.7897761413575273,3.4041743955808137
3.7724355624259633,3.4311704073356033
3.755514662408574,3.4582578142127893
3.739014436205267,3.485430261747539
3.722935727167502,3.51268139783293
3.7072792311131955,3.540004876470565
3.692045500278473,3.567394361495971
3.6772349472045898,3.594843530273437
3.662424394130707,3.6222926990509032
3.6480370188176634,3.649801551580429
3.6340732338067143,3.6773637652263043
3.6205333119442455,3.7049730308815834
3.6074173902686906,3.732623056662926
3.594725473832619,3.7603075715748853
3.5824574394583033,3.7880203291382997
3.5706130394253197,3.815755110977749
3.5587686393923366,3.843489892817198
3.547347873700686,3.8712466989326817
3.5363504946299447,3.8990193109487796
3.5257761299169954,3.9268015385938138
3.515624286443629,3.9545872232873016
3.505894353856185,3.9823702416864784
3.4965856081157827,4.010144509186833
3.487697214977943,4.037903983371915
3.478808821840103,4.065663457556997
3.4703407813048255,4.093408138426808
3.4622922591276315,4.121131983564897
3.4546623108584424,4.148828992742878
3.447449885321202,4.176493211370234
3.440653828022885,4.204118733893397
3.434272884490693,4.231699707139345
3.428305703536472,4.259230333599274
3.422338522582251,4.286760960059203
3.4167851042060007,4.314241239733111
3.4116440972195665,4.341665375112191
3.4069140537194382,4.369027624351851
3.4025934323511677,4.396322304555376
3.3986806015010096,4.423543794997664
3.395173842413823,4.450686540284565
3.392071352236509,4.477745053443684
3.388968862059195,4.504803566602803
3.3862706407917536,4.531777847634139
3.3839748855810874,4.558662409565295
3.382079709476142,4.585451833845624
3.3805831444713457,4.612140773437025
3.3794831444755906,4.638723955836193
3.3787775882060256,4.665196186024151
3.3784642820061888,4.691552349339221
3.378150975806352,4.717908512654292
3.3782299196762438,4.744148609096474
3.378698919959403,4.7702675240040895
3.3795557106257577,4.796260223072757
3.3807979560897596,4.8221217552283555
3.3824232539528496,4.847847255423416
3.384429137669784,4.8734319473530725
3.386813079138574,4.898871146087
3.389197020607364,4.924310344820928
3.3919590198280103,4.949604050359129
3.3950965486985236,4.974747577771277
3.398607017560171,4.999736333501593
3.402487777787414,5.024565818000777
3.4067361243014656,5.049231628273944
3.4113492980072238,5.0737294603409655
3.4163244881535775,5.098055111605962
3.4212996782999316,5.122380762870959
3.4266368848868813,5.146534233333932
3.432333297163317,5.170511320398999
3.4383860527221217,5.194307922854531
3.4447922398604804,5.217920043242629
3.4515488998635675,5.241343790137767
3.458653029211611,5.264575380331277
3.466101581710577,5.287611140918731
3.4735501342095434,5.3106469015061855
3.481343109859433,5.3334868324875835
3.4894774624662124,5.3561272609584964
3.497950103161587,5.378564624318736
3.506757902533687,5.400795472359731
3.51589769268137,5.422816469254786
3.525366269192392,5.444624395449244
3.535160393045917,5.466216149447861
3.544954516899442,5.487807903446479
3.555074188095471,5.509183485249253
3.565516167613168,5.530339793360943
3.576277181823107,5.5512738443457135
3.5873539243897845,5.571982774614519
3.5987430580984756,5.5924638421096855
3.6104412166069224,5.612714427884024
3.62244500612257,5.632732037572075
3.6344487956382174,5.652749647260126
3.6467582161610648,5.67253428086189
3.659369873898557,5.692083444011907
3.6722803476078423,5.711394766926446
3.685486190273009,5.730466005874753
3.6989839307078753,5.7492950445424205
3.7127700750850554,5.76787989528451
3.7268411083922626,5.7862187002663035
3.7409121416994697,5.8045575052480975
3.7552680639367044,5.822650264469596
3.7699053600916805,5.840495120096081
3.784820493967212,5.8580903441030605
3.800009909637518,5.8754343394170165
3.8154700328317688,5.892525640943809
3.831197272245836,5.909362916482612
3.8471880207834532,5.92594496752359
3.8631787693210704,5.942527018564567
3.879433026982237,5.958853845107718
3.895947186670687,5.974924248643208
3.912717625498016,5.99073716435219
3.929740706024841,6.006291661904485
3.9470127774313766,6.021586946139995
3.9645301766186165,6.03662235763205
3.9822892292415872,6.051397373131179
4.000048281864558,6.066172388630308
4.01804898792326,6.080687008136514
4.03628767307272,6.094940708400324
4.054760651721995,6.10893310234947
4.073464228067428,6.122663939532654
4.0923946970579514,6.136133106443745
4.111548345293919,6.149340626724892
4.130921451861115,6.162286661247329
4.15029455842831,6.175232695769766
4.169887123326736,6.187917244533493
4.189695425642176,6.200340468409744
4.209715736945853,6.212502665498841
4.22994432212844,6.224404271211002
4.250377440169277,6.236045858224851
4.271011344842472,6.247428136322409
4.291842285361806,6.2585519520996495
4.3126732258811415,6.269675767876891
4.333701202246616,6.280541121333816
4.354922463672015,6.2911488590664
4.376333254810795,6.301499964484573
4.397929816401005,6.311595557522774
4.419708385848999,6.321436894226075
4.441665197753906,6.3310253662109375
4.463796484375,6.3403625
4.485927770996094,6.349699633789063
4.5082335323333735,6.3587854293823245
4.530710000646113,6.367621413302421
4.553353405853732,6.3762092469781635
4.576159976003167,6.384550726079312
4.599125937679153,6.392647779725377
4.622247516359588,6.4005024695678046
4.645520936718379,6.408116988745221
4.66879435707717,6.415731507922638
4.692219619114317,6.423105856435045
4.7157929475037275,6.43024222742107
4.739510566115322,6.4371429455065226
4.763368698317876,6.44381046575964
4.787363567229368,6.450247372519392
4.811491395917212,6.456456378096515
4.835748407551045,6.462440321347235
4.860005419184878,6.468424264597955
4.8843916137646985,6.47418314552227
4.908903214460144,6.479719802976406
4.933536444543076,6.485037202362076
4.9582875275403655,6.490138434200204
4.983152687339231,6.4950267125773395
5.008128148247778,6.499705373464723
5.033210135013628,6.5041778729102635
5.058292121779479,6.508650372355804
5.083480634402633,6.5129167103595025
5.108771897630715,6.516980342969266
5.13416213665086,6.520844846309671
5.159647577108357,6.524513914773939
5.185224445083364,6.527991359088826
5.210888967028616,6.531281104252674
5.2366373696712545,6.534387187347188
5.262385772313893,6.537493270441702
5.288218055653919,6.540415691466885
5.314130446418474,6.54315848750444
5.340119171609103,6.54572580771944
5.366180458403584,6.5481219111720925
5.392310534021865,6.55035116450324
5.418505625559261,6.552418039494128
5.44476195979027,6.554327110501287
5.471018294021279,6.556236181508446
5.497335870945902,6.557987448531876
5.523710917338635,6.559585485928109
5.55013965965316,6.561034970628959
5.576618323826159,6.562340679576417
5.60314313505175,6.563507487032647
5.629710317529936,6.564540361765951
5.656316094192643,6.565444364113851
5.682921870855351,6.566348366461752
5.70956624170258,6.567123496424249
5.73624542966626,6.567774814338862
5.762955656410248,6.568307472112327
5.789693142056379,6.568726710283669
5.816454104888133,6.569037854964378
5.843234761035518,6.569246314656835
5.870031324145044,6.569357576952421
5.896827887254569,6.569468839248007
5.923640357326236,6.569482904146721
5.9504649480065535,6.569405259239943
5.977297870458534,6.56924147120805
6.004135333031661,6.568997182518523
6.030973540916946,6.568678108003736
6.057808695790917,6.568290031319856
6.084636995452643,6.567838801288604
6.111465295114368,6.567387571257353
6.138286739563849,6.566873187878727
6.165097526600153,6.566301499974448
6.1918938501448935,6.56567842153178
6.218671899879247,6.565009928045292
6.245427860874017,6.564302052741449
6.27215791321682,6.563560882687793
6.298858231640747,6.562792554788716
6.325558550064674,6.562024226889639
6.352229134569724,6.5612287411451415
6.378866159888987,6.560412234459616
6.405465795401023,6.559580893574305
6.4320242047585205,6.55874095106308
6.458537545518422,6.5578986812148194
6.485001968777851,6.55706039580441
6.511413618820424,6.5562324397546945
6.537825268862997,6.555404483704979
6.564184145688715,6.554586857015958
6.5904863935811955,6.553785904610475
6.61672815001055,6.553008004559329
6.642905545279698,6.5522595637432275
6.669014702181059,6.5515470134056715
6.695051735668213,6.550876804599115
6.721012752547335,6.550255403526998
6.746973769426457,6.549634002454883
6.772858769697548,6.549061409117206
6.798663860166782,6.548544089717408
6.8243851394929305,6.548088525609912
6.850018697878796,6.5477012086421595
6.875560616782433,6.547388636392517
6.901006968652963,6.547157307306676
6.9263538166960466,6.547013715735449
6.95170066473913,6.546870124164222
6.976948008954768,6.5468142701076095
7.0020919125486225,6.546852647916424
7.0271284294829,6.5469917478466
7.052053604241824,6.54723805109699
7.07686347162677,6.547598024748561
7.101554056586128,6.548078116607893
7.126121374085166,6.548684749958191
7.150688691584203,6.549291383308489
7.175132741622921,6.550024558149751
7.199449539166589,6.550890697765181
7.22363508919736,6.551896200914605
7.247685386584147,6.553047436585483
7.271596415992511,6.55435073865142
7.295364151839889,6.555812400441402
7.318984558301662,6.557438669223223
7.342604964763435,6.559064938005044
7.366078041839604,6.560855813778705
7.3893997537055505,6.562817543812002
7.412566054294604,6.564956329311544
7.435572887304124,6.567278319906183
7.4584161862524345,6.569789608044665
7.4810918745921775,6.5724962233109725
7.503595865885844,6.575404126661164
7.52609985717951,6.5783120300113564
7.5484321514270984,6.581421221445434
7.570588662191099,6.584737661919458
7.592565293143851,6.588267243761569
7.614357938243075,6.592015784908831
7.635962481969594,6.595989023065568
7.657374799633025,6.600192609786988
7.678590757751463,6.604632104492188
7.699806715869902,6.609071599197388
7.720826314443348,6.613747001886368
7.741645419989897,6.618663871978224
7.7622598902361215,6.623827676755935
7.782665574496757,6.6292437853793675
7.802858314128378,6.634917462827641
7.8228339430630935,6.64085386377496
7.842588288428525,6.647058026404288
7.862342633793957,6.653262189033615
7.881875695590104,6.6597341133449515
7.901183300944585,6.666478837521258
7.920261270180534,6.673501283254252
7.939105417436568,6.680806249558078
7.957711551373048,6.688398406520812
7.976075475970887,6.696282288998197
7.994192991429402,6.704462290254261
8.012310506887916,6.712642291510325
8.030181613207104,6.721118411545069
8.047802110586282,6.729895043622519
8.065167795443168,6.738976439414992
8.08227446131174,6.748366702643711
8.099117899839142,6.758069782666332
8.115693901888143,6.76808946801602
8.131998258751914,6.778429379897087
8.148302615615684,6.788769291778155
8.164335327294221,6.7994294301905995
8.180092185080692,6.810413416338731
8.19556898069866,6.821724704097999
8.210761507516844,6.833366573510622
8.225665561876198,6.8453421242377495
8.240276944536022,6.8576542689731355
8.254591462246118,6.870305726823584
8.268905979956214,6.882957184674032
8.282923632716582,6.895947955639544
8.296640227277027,6.909280758826924
8.310051576377857,6.922958119756026
8.323153500322034,6.936982363740201
8.335941828673374,6.951355609233509
8.348412402087751,6.96607976114998
8.360561074284576,6.981156504160454
8.372709746481402,6.996233247170927
8.384536517460674,7.011662581275403
8.396037240941803,7.027446191144723
8.407207783707726,7.043585541206538
8.418044027576379,7.060081868942163
8.42854187151241,7.076936178161014
8.438697233886383,7.094149232258204
8.44850605488892,7.11172154746114
8.458314875891457,7.129293862664076
8.467777155522555,7.147225438972759
8.476888833972838,7.165516792614599
8.485645873252984,7.1841681926493
8.494044259607882,7.203179654215464
8.502080006085716,7.222550931766195
8.509749155269482,7.242281512299565
8.517047782178635,7.262370608590081
8.524346409087787,7.282459704880598
8.531274513722327,7.30290731692826
8.537828171101705,7.323712657507576
8.544003488681824,7.344874665169489
8.549796609256685,7.36639199747285
8.555203714030144,7.388263024216892
8.560221025865527,7.410485820680858
8.564844812721015,7.433058160877229
8.569468599576503,7.4556305010736
8.5736988614521,7.478552385002375
8.577531866305986,7.501821586676035
8.580963927191204,7.5254355788402965
8.583991405691048,7.549391526227334
8.586610715540246,7.573686278822601
8.588818326439878,7.598316365151689
8.590610768074225,7.623277985593955
8.592403209708573,7.6482396060362206
8.593780482077637,7.673532760591664
8.594739114865702,7.6991536496396416
8.595275697740252,7.725098145413273
8.595386884368832,7.751361785313077
8.595069396637815,7.777939765247368
8.594320029081315,7.80482693300617
8.593135653528645,7.832017781675678
8.591951277975975,7.8592086303451865
8.590331894427134,7.886703159925398
8.588274374711432,7.9144958635025064
8.585775667953376,7.942580879458866
8.582832805220129,7.970951984887453
8.579442904387516,7.999602589046854
8.575603175233034,8.028525726863837
8.571310924764505,8.057714052490805
8.567018674295976,8.086902378117776
8.5622739025134,8.116355891554733
8.557073916424597,8.146067246954084
8.55141612026772,8.17602871769388
8.545298020839908,8.206232189935271
8.538717233061606,8.236669156234875
8.531671485785228,8.267330709219351
8.52415862785706,8.298207535329833
8.516645769928893,8.329084361440316
8.508665801348934,8.360176460676803
8.500216570963467,8.391474519480425
8.491296047612646,8.422968818106789
8.4819023261924,8.454649224370382
8.472033633969579,8.486505187458864
8.461688337159282,8.518525731824777
8.450864947773482,8.550699451162659
8.440041558387684,8.582873170500541
8.428740076426383,8.615200064810393
8.416959013901554,8.64766872778675
8.404697028622046,8.680267322366142
8.391952931042217,8.7129835747042
8.378725691381895,8.745804768238129
8.365014447026791,8.778717737842491
8.350818510218797,8.811708864086473
8.336622573410803,8.844699990330453
8.32194194414992,8.87776927321405
8.306775934678043,8.910903093306448
8.291124032093249,8.944087376871455
8.274985906040095,8.977307590124772
8.258361416689782,9.01054873359277
8.241250623019582,9.043795336580965
8.223653791401176,9.077031451760714
8.206056959782769,9.110267566940465
8.187974090216155,9.14349319431177
8.169405449073016,9.176692386545986
8.150351510119439,9.20984871968031
8.130812963104248,9.242945287704467
8.11079072265625,9.275964697265625
8.0902859375,9.3088890625
8.0693,9.3417
