x,y
1.3832,0.9768
2.42335,1.972925
3.2586640625,2.85798125
3.9177119140625,3.6421208984375
4.427291943359375,4.332966430664063
4.812035586547852,4.9365703277587905
5.094189581680299,5.458092592239381
5.293531910705568,5.902260305118562
5.4928742397308365,6.346428017997742
5.609404902648927,6.713241179275514
5.662901881408692,7.0074268699646005
5.67067440185547,7.233279249572755
5.647478875732422,7.39511911315918
5.6055685302734375,7.497535479736328
5.554832543945313,7.545473376464844
5.504096557617188,7.593411273193359
5.4445349304199215,7.586870700073242
5.386036840820312,7.5307966842651375
5.336127418518066,7.430490261077882
5.300106880187988,7.291696258163452
5.28127917137146,7.120537275505066
5.281225933074952,6.92335802564621
5.2811726947784425,6.7261787757873535
5.2998939270019525,6.502979258728027
5.338971270751952,6.260104187011718
5.398264062499999,6.004120385742187
5.4761833007812495,5.741661132812499
5.570010937499999,5.479180859375
5.676220312499999,5.222684375
5.782429687499999,4.966187890625
5.901020800781249,4.7156751953125
6.0284669921875,4.477151098632812
6.1604329895019525,4.256170788574218
6.292095343017578,4.05756905670166
6.418464003372192,3.8851640480041505
6.534660861206055,3.741499699878693
6.650857719039917,3.597835351753235
6.756882774353027,3.482911664199829
6.847857917785645,3.3992725746154786
6.919016979980469,3.348187812805176
6.9659842712402344,3.3293953399658207
6.985010083007813,3.340882476806641
6.9731189697265625,3.3787698852539063
6.961227856445312,3.4166572937011717
6.918419818115234,3.4809449737548825
6.841719409179688,3.5677535873413087
6.728925447082521,3.67133713760376
6.578759294128419,3.7839669506073
6.390925919723512,3.8959185106277463
6.1660435615539555,3.9956253134727477
5.9411612033844,4.095332116317749
5.679229861450196,4.182794161987305
5.3808677734375,4.2464449462890625
5.0476064453125,4.2728759765625
4.6818203125,4.2469906250000005
4.286525,4.152325
3.865,3.9716
