x,y
1.3832,0.9768
1.903275,1.4748625
2.372141015625,1.9451578125
2.793369262695313,2.3889549560546874
3.170420248413086,2.8073648452758793
3.506631408405304,3.2013702801704413
3.805207522970438,3.571851527148486
4.069213567361236,3.91960799298659
4.333219611752034,4.267364458824694
4.5626555859684945,4.592396143522859
4.760586465263367,4.895502453857661
4.929937419843674,5.177401936972142
5.073486665153505,5.438753954339028
5.193860746192933,5.680176448678971
5.293531910705568,5.902260305118562
5.393203075218202,6.124344161558152
5.4721713232040425,6.32708938009739
5.532908902406694,6.511086845862867
5.577733763313295,6.676900386387111
5.608806932342054,6.825081132766606
5.6281319738984115,6.95617847505957
5.637556196132303,7.070748113208265
5.646980418366194,7.18531775135696
5.646503821277619,7.283359685361386
5.63797371301651,7.365429615163803
5.623081145477295,7.432089550590515
5.603362120056152,7.48391586227417
5.580200537109375,7.521504428100586
5.554832543945313,7.545473376464844
5.529464550781251,7.569442324829101
5.5018901473999025,7.579791655731201
5.473345481109619,7.577139497566224
5.444918946170807,7.56212622923851
5.4175555317878725,7.535417223417759
5.392062568634748,7.49770318660438
5.369116528746485,7.449698597288877
5.346170488858222,7.401694007973373
5.32577137223482,7.343398866155744
5.308595650911331,7.275527650326492
5.29518893828392,7.198818610966207
5.285972789001465,7.114032208704949
5.281252552223206,7.021947650575639
5.281225933074952,6.92335802564621
5.281199313926697,6.824768400716781
5.285866312408447,6.719673708987235
5.295424633646011,6.608867039525508
5.309964338731765,6.4931553634345525
5.3294764061808575,6.373354669484495
5.353862001585959,6.25028369912356
5.382942110303043,6.124756782152502
5.412022219020128,5.999229865181445
5.445796841049194,5.871247001600265
5.484086961746216,5.741622521209717
5.526633386230468,5.611166342163085
5.573106372070312,5.480676806640624
5.623115624999999,5.3509326171875
5.676220312499999,5.222684375
5.729324999999999,5.0944361328125005
5.785525122070312,4.967683837890625
5.844379846191406,4.843178091430664
5.905397801589965,4.721641393280029
5.968047092819213,4.603759680223464
6.031765331202745,4.4901734662175175
6.095969338974356,4.381469085858017
6.160173346745967,4.272764705498517
6.224863123905658,4.1689421587854625
6.289455492687225,4.070587780314684
6.353346486234664,3.978233725321293
6.415921052742004,3.8923492131471633
6.476562432289123,3.8133318739414217
6.534660861206055,3.741499699878693
6.592759290122986,3.6696675258159637
6.648314768409729,3.6050205168962477
6.700717532396316,3.5478766652941705
6.7493648146629335,3.4984743252098562
6.7936695484042176,3.4569641640871764
6.833068399322034,3.423401718349755
6.867028779879213,3.3977410549394786
6.900989160436392,3.3720803915292024
6.929511070632935,3.3543215104460717
6.952061922931671,3.3444184786319733
6.968139876556397,3.3422238935470583
6.977280851745606,3.347482544708252
6.979064526367187,3.3598261810302734
6.9731189697265625,3.3787698852539063
6.967173413085938,3.397713589477539
6.953498625183105,3.4232573616027833
6.931722675323486,3.454916284370422
6.9015220242500295,3.4920887743473052
6.862626157951354,3.534052956354618
6.81482085866332,3.579964644983411
6.757949767896533,3.6288574344821276
6.701078677129746,3.677750223980844
6.6351417948842055,3.729624114349485
6.5599827626705185,3.7835126998364927
6.475503081274034,3.838327354347706
6.3816636737823496,3.892857321333885
6.278484740638733,3.945771912050247
6.1660435615539555,3.9956253134727477
6.053602382469178,4.045478714895248
5.931898957443238,4.092270927023888
5.801010566186905,4.134556136834622
5.6610715676784515,4.170773407024146
5.512271202075482,4.199251483926178
5.354849339485169,4.218216215084493
5.189089830425382,4.2258010777674615
5.023330321365595,4.23338594045043
4.849233165836335,4.2295909346580505
4.667082214355469,4.212549537658692
4.477205297851563,4.180302856445312
4.2799675781249995,4.13081015625
4.0757625,4.0619625
3.865,3.9716
