x,y
4.0,0.0
3.9375,0.09375
3.87744140625,0.18603515625
3.8197479248046875,0.27685546875
3.762054443359375,0.36767578125
3.70672607421875,0.45703125
3.6536865234375,0.544921875
3.60064697265625,0.6328125
3.549896240234375,0.71923828125
3.5013580322265625,0.80419921875
3.45281982421875,0.88916015625
3.406494140625,0.97265625
3.3623046875,1.0546875
3.318115234375,1.13671875
3.27606201171875,1.21728515625
3.2360687255859375,1.29638671875
3.196075439453125,1.37548828125
3.15814208984375,1.453125
3.1221923828125,1.529296875
3.08624267578125,1.60546875
3.052276611328125,1.68017578125
3.0202178955078125,1.75341796875
2.9881591796875,1.82666015625
2.9580078125,1.8984375
2.9296875,1.96875
2.9013671875,2.0390625
2.8748779296875,2.10791015625
2.8501434326171875,2.17529296875
2.825408935546875,2.24267578125
2.80242919921875,2.30859375
2.7811279296875,2.373046875
2.75982666015625,2.4375
2.740203857421875,2.50048828125
2.7221832275390625,2.56201171875
2.70416259765625,2.62353515625
2.687744140625,2.68359375
2.6728515625,2.7421875
2.657958984375,2.80078125
2.64459228515625,2.85791015625
2.6326751708984375,2.91357421875
2.620758056640625,2.96923828125
2.61029052734375,3.0234375
2.6011962890625,3.076171875
2.59210205078125,3.12890625
2.584381103515625,3.18017578125
2.5779571533203125,3.22998046875
2.571533203125,3.27978515625
2.56640625,3.328125
2.5625,3.375
2.55859375,3.421875
2.555908203125,3.46728515625
2.5543670654296875,3.51123046875
2.552825927734375,3.55517578125
2.55242919921875,3.59765625
2.5531005859375,3.638671875
2.55377197265625,3.6796875
2.555511474609375,3.71923828125
2.5582427978515625,3.75732421875
2.56097412109375,3.79541015625
2.564697265625,3.83203125
2.5693359375,3.8671875
2.573974609375,3.90234375
2.57952880859375,3.93603515625
2.5859222412109375,3.96826171875
2.592315673828125,4.00048828125
2.59954833984375,4.03125
2.6075439453125,4.060546875
2.61553955078125,4.08984375
2.624298095703125,4.11767578125
2.6337432861328125,4.14404296875
2.6431884765625,4.17041015625
2.6533203125,4.1953125
2.6640625,4.21875
2.6748046875,4.2421875
2.6861572265625,4.26416015625
2.6980438232421875,4.28466796875
2.709930419921875,4.30517578125
2.72235107421875,4.32421875
2.7352294921875,4.341796875
2.74810791015625,4.359375
2.761444091796875,4.37548828125
2.7751617431640625,4.39013671875
2.78887939453125,4.40478515625
2.802978515625,4.41796875
2.8173828125,4.4296875
2.831787109375,4.44140625
2.84649658203125,4.45166015625
2.8614349365234375,4.46044921875
2.876373291015625,4.46923828125
2.89154052734375,4.4765625
2.9068603515625,4.482421875
2.92218017578125,4.48828125
2.937652587890625,4.49267578125
2.9532012939453125,4.49560546875
2.96875,4.49853515625
2.984375,4.5
3.0,4.5
3.015625,4.5
3.03125,4.49853515625
3.0467987060546875,4.49560546875
3.062347412109375,4.49267578125
3.07781982421875,4.48828125
3.0931396484375,4.482421875
3.10845947265625,4.4765625
3.123626708984375,4.46923828125
3.1385650634765625,4.46044921875
3.15350341796875,4.45166015625
3.168212890625,4.44140625
3.1826171875,4.4296875
3.197021484375,4.41796875
3.21112060546875,4.40478515625
3.2248382568359375,4.39013671875
3.238555908203125,4.37548828125
3.25189208984375,4.359375
3.2647705078125,4.341796875
3.27764892578125,4.32421875
3.290069580078125,4.30517578125
3.3019561767578125,4.28466796875
3.3138427734375,4.26416015625
3.3251953125,4.2421875
3.3359375,4.21875
3.3466796875,4.1953125
3.3568115234375,4.17041015625
3.3662567138671875,4.14404296875
3.375701904296875,4.11767578125
3.38446044921875,4.08984375
3.3924560546875,4.060546875
3.40045166015625,4.03125
3.407684326171875,4.00048828125
3.4140777587890625,3.96826171875
3.42047119140625,3.93603515625
3.426025390625,3.90234375
3.4306640625,3.8671875
3.435302734375,3.83203125
3.43902587890625,3.79541015625
3.4417572021484375,3.75732421875
3.444488525390625,3.71923828125
3.44622802734375,3.6796875
3.4468994140625,3.638671875
3.44757080078125,3.59765625
3.447174072265625,3.55517578125
3.4456329345703125,3.51123046875
3.444091796875,3.46728515625
3.44140625,3.421875
3.4375,3.375
3.43359375,3.328125
3.428466796875,3.27978515625
3.4220428466796875,3.22998046875
3.415618896484375,3.18017578125
3.40789794921875,3.12890625
3.3988037109375,3.076171875
3.38970947265625,3.0234375
3.379241943359375,2.96923828125
3.3673248291015625,2.91357421875
3.35540771484375,2.85791015625
3.342041015625,2.80078125
3.3271484375,2.7421875
3.312255859375,2.68359375
3.29583740234375,2.62353515625
3.2778167724609375,2.56201171875
3.259796142578125,2.50048828125
3.24017333984375,2.4375
3.2188720703125,2.373046875
3.19757080078125,2.30859375
3.174591064453125,2.24267578125
3.1498565673828125,2.17529296875
3.1251220703125,2.10791015625
3.0986328125,2.0390625
3.0703125,1.96875
3.0419921875,1.8984375
3.0118408203125,1.82666015625
2.9797821044921875,1.75341796875
2.947723388671875,1.68017578125
2.91375732421875,1.60546875
2.8778076171875,1.529296875
2.84185791015625,1.453125
2.803924560546875,1.37548828125
2.7639312744140625,1.29638671875
2.72393798828125,1.21728515625
2.681884765625,1.13671875
2.6376953125,1.0546875
2.593505859375,0.97265625
2.54718017578125,0.88916015625
2.4986419677734375,0.80419921875
2.450103759765625,0.71923828125
2.39935302734375,0.6328125
2.3463134765625,0.544921875
2.29327392578125,0.45703125
2.237945556640625,0.36767578125
2.1802520751953125,0.27685546875
2.12255859375,0.18603515625
2.0625,0.09375
2.0,0.0
