x,y
1.0,0.0
1.015625,0.0625
1.03125,0.123779296875
1.046875,0.18387222290039062
1.0625,0.24281203746795654
1.078125,0.3006309550255537
1.09375,0.35844987258315086
1.109375,0.41514789313077927
1.125,0.47075723111629486
1.140625,0.5253090560436249
1.15625,0.5788335204124451
1.171875,0.6323579847812653
1.1875,0.6848550885915756
1.203125,0.7363549843430519
1.21875,0.7868868075311184
1.234375,0.8364787045866251
1.25,0.8860706016421318
1.265625,0.9347225725650787
1.28125,0.9824627637863159
1.296875,1.0293183326721191
1.3125,1.0753154754638672
1.328125,1.1213126182556152
1.34375,1.166451334953308
1.359375,1.2107578217983246
1.375,1.2542573139071465
1.390625,1.2969741132110357
1.40625,1.339690912514925
1.421875,1.3816250190138817
1.4375,1.4228007346391678
1.453125,1.4632414281368256
1.46875,1.5029695630073547
1.484375,1.542697697877884
1.5,1.5817132741212845
1.515625,1.6200387552380562
1.53125,1.6576956994831562
1.546875,1.6947047878056765
1.5625,1.7317138761281967
1.578125,1.7680751085281372
1.59375,1.8038091659545898
1.609375,1.8389358520507812
1.625,1.87347412109375
1.640625,1.9080123901367188
1.65625,1.9419622421264648
1.671875,1.9753426313400269
1.6875,2.0081716626882553
1.703125,2.04046661965549
1.71875,2.0727615766227245
1.734375,2.1045224592089653
1.75,2.135766550898552
1.765625,2.1665103137493134
1.78125,2.196769416332245
1.796875,2.2270285189151764
1.8125,2.256802961230278
1.828125,2.286108411848545
1.84375,2.3149597458541393
1.859375,2.343371072784066
1.875,2.371782399713993
1.890625,2.3997537195682526
1.90625,2.42729914188385
1.921875,2.4544320106506348
1.9375,2.4811649322509766
1.953125,2.5078978538513184
1.96875,2.5342308282852173
1.984375,2.5601764619350433
2.0,2.5857466235756874
2.015625,2.6109524723142385
2.03125,2.6361583210527897
2.046875,2.660999856889248
2.0625,2.685488238930702
2.078125,2.70963391661644
2.09375,2.7334466576576233
2.109375,2.7572593986988068
2.125,2.780739203095436
2.140625,2.803895838558674
2.15625,2.826738391071558
2.171875,2.849275292828679
2.1875,2.8718121945858
2.203125,2.894043445587158
2.21875,2.9159774780273438
2.234375,2.9376220703125
2.25,2.958984375
2.265625,2.9803466796875
2.28125,3.0014266967773438
2.296875,3.0222315788269043
2.3125,3.0427678525447845
2.328125,3.0630414467304945
2.34375,3.0833150409162045
2.359375,3.103325955569744
2.375,3.1230801194906235
2.390625,3.1425828635692596
2.40625,3.161838948726654
2.421875,3.1810950338840485
2.4375,3.200104460120201
2.453125,3.2188719883561134
2.46875,3.237401809543371
2.484375,3.2556975726038218
2.5,3.2739933356642723
2.515625,3.2920550405979156
2.53125,3.309886336326599
2.546875,3.3274903297424316
2.5625,3.344869613647461
2.578125,3.3622488975524902
2.59375,3.3794034719467163
2.609375,3.396335929632187
2.625,3.4130483493208885
2.640625,3.429542323574424
2.65625,3.446036297827959
2.671875,3.462311826646328
2.6875,3.478370502591133
2.703125,3.494213432073593
2.71875,3.50984126329422
2.734375,3.525469094514847
2.75,3.5408818274736404
2.765625,3.556080110371113
2.78125,3.571064133197069
2.796875,3.5858336556702852
2.8125,3.6006031781435013
2.828125,3.615158200263977
2.84375,3.6294984817504883
2.859375,3.6436233520507812
2.875,3.65753173828125
2.890625,3.6714401245117188
2.90625,3.6851320266723633
2.921875,3.6986063718795776
2.9375,3.7118616849184036
2.953125,3.724896116182208
2.96875,3.7379305474460125
2.984375,3.7507440969347954
3.0,3.7633349150419235
3.015625,3.7757007777690887
3.03125,3.787839114665985
3.046875,3.7999774515628815
3.0625,3.811888262629509
3.078125,3.8235689774155617
3.09375,3.835016679018736
3.109375,3.8462281320244074
3.125,3.857439585030079
3.140625,3.8684147894382477
3.15625,3.8791505098342896
3.171875,3.8896431922912598
3.1875,3.8998889923095703
3.203125,3.910134792327881
3.21875,3.9201337099075317
3.234375,3.929881900548935
3.25,3.939375229179859
3.265625,3.948609298095107
3.28125,3.957843367010355
3.296875,3.9668181762099266
3.3125,3.9755293279886246
3.328125,3.9839721620082855
3.34375,3.9921417832374573
3.359375,4.000311404466629
3.375,4.008207812905312
3.390625,4.015826113522053
3.40625,4.023161176592112
3.421875,4.0302076656371355
3.4375,4.037254154682159
3.453125,4.044012069702148
3.46875,4.05047607421875
3.484375,4.056640625
3.5,4.0625
3.515625,4.068359375
3.53125,4.07391357421875
3.546875,4.079156875610352
3.5625,4.084083378314972
3.578125,4.088687030598521
3.59375,4.0932906828820705
3.609375,4.097571484744549
3.625,4.101523384451866
3.640625,4.105140179395676
3.65625,4.1084155440330505
3.671875,4.111690908670425
3.6875,4.114624843001366
3.703125,4.1172110214829445
3.71875,4.119442995637655
3.734375,4.121314221993089
3.75,4.123185448348522
3.765625,4.124695926904678
3.78125,4.125839114189148
3.796875,4.126608371734619
3.8125,4.126996994018555
3.828125,4.12738561630249
3.84375,4.12739360332489
3.859375,4.127014249563217
3.875,4.126240782439709
3.890625,4.125066390261054
3.90625,4.123891998082399
3.921875,4.1223166808485985
3.9375,4.120333626866341
3.953125,4.117935985326767
3.96875,4.115116894245148
3.984375,4.112297803163528
4.0,4.109057262539864
4.015625,4.105388410389423
4.03125,4.101284373551607
4.046875,4.0967382956296206
4.0625,4.092192217707634
4.078125,4.087204098701477
4.09375,4.0817670822143555
4.109375,4.075874328613281
4.125,4.06951904296875
4.140625,4.063163757324219
4.15625,4.0563459396362305
4.171875,4.049058794975281
4.1875,4.041295573115349
4.203125,4.033049596473575
4.21875,4.0248036198318005
4.234375,4.016074888408184
4.25,4.006856724619865
4.265625,3.9971425235271454
4.28125,3.986925780773163
4.296875,3.9767090380191803
4.3125,3.9659897536039352
4.328125,3.9547614231705666
4.34375,3.943017642945051
4.359375,3.9307521376758814
4.375,3.9184866324067116
4.390625,3.9056994020938873
4.40625,3.892384171485901
4.421875,3.8785347938537598
4.4375,3.864145278930664
4.453125,3.8497557640075684
4.46875,3.834826111793518
4.484375,3.8193503320217133
4.5,3.8033225908875465
4.515625,3.7867372389882803
4.53125,3.770151887089014
4.546875,3.7530089244246483
4.5625,3.7353027015924454
4.578125,3.7170277535915375
4.59375,3.6981788277626038
4.609375,3.67932990193367
4.625,3.6599069982767105
4.640625,3.6399048641324043
4.65625,3.6193184591829777
4.671875,3.598142983391881
4.6875,3.5769675076007843
4.703125,3.5552029609680176
4.71875,3.5328445434570312
4.734375,3.5098876953125
4.75,3.486328125
4.765625,3.4627685546875
4.78125,3.4386062622070312
4.796875,3.41383695602417
4.8125,3.3884566128253937
4.828125,3.362461505457759
4.84375,3.336466398090124
4.859375,3.309856526553631
4.875,3.2826281636953354
4.890625,3.254777878522873
4.90625,3.2263025641441345
4.921875,3.197827249765396
4.9375,3.1687269061803818
4.953125,3.1389984264969826
4.96875,3.1086390279233456
4.984375,3.077646279707551
5.0,3.0466535314917564
5.015625,3.0150274336338043
5.03125,2.982765555381775
5.046875,2.9498658180236816
5.0625,2.9163265228271484
5.078125,2.8827872276306152
5.09375,2.848608374595642
5.109375,2.813788264989853
5.125,2.778325580060482
5.140625,2.7422194089740515
5.15625,2.706113237887621
5.171875,2.6693635806441307
5.1875,2.631969526410103
5.203125,2.593930572271347
5.21875,2.555246651172638
5.234375,2.516562730073929
5.25,2.4772338420152664
5.265625,2.4372599199414253
5.28125,2.396641332656145
5.296875,2.3553789127618074
5.3125,2.31411649286747
5.328125,2.2722102403640747
5.34375,2.229660987854004
5.359375,2.1864700317382812
5.375,2.14263916015625
5.390625,2.0988082885742188
5.40625,2.054337501525879
5.421875,2.0092285871505737
5.4375,1.9634838253259659
5.453125,1.9171060156077147
5.46875,1.8707282058894634
5.484375,1.8237173482775688
5.5,1.7760762423276901
5.515625,1.7278082072734833
5.53125,1.678917109966278
5.546875,1.6300260126590729
5.5625,1.5805118530988693
5.578125,1.5303784981369972
5.59375,1.4796303622424603
5.609375,1.4282724354416132
5.625,1.3769145086407661
5.640625,1.324946790933609
5.65625,1.2723742723464966
5.671875,1.2192025184631348
5.6875,1.1654376983642578
5.703125,1.1116728782653809
5.71875,1.0573149919509888
5.734375,1.0023702085018158
5.75,0.9468453004956245
5.765625,0.8907476719468832
5.78125,0.8346500433981419
5.796875,0.7779796943068504
5.8125,0.7207440286874771
5.828125,0.6629510819911957
5.84375,0.6046095490455627
5.859375,0.5462680160999298
5.875,0.4873778969049454
5.890625,0.42794788628816605
5.90625,0.36798733845353127
5.921875,0.30750629492104053
5.9375,0.2470252513885498
5.953125,0.18602371215820312
5.96875,0.12451171875
5.984375,0.0625
6.0,0.0
