x,y
1.0,0.0
1.03125,0.125
1.0625,0.2451171875
1.09375,0.360626220703125
1.125,0.4717845916748047
1.15625,0.5788335204124451
1.1875,0.6858824491500854
1.21875,0.7888219356536865
1.25,0.8878931999206543
1.28125,0.9833211898803711
1.3125,1.0753154754638672
1.34375,1.1673097610473633
1.375,1.2558703422546387
1.40625,1.3412067890167236
1.4375,1.4235132932662964
1.46875,1.5029695630073547
1.5,1.582425832748413
1.53125,1.659031867980957
1.5625,1.7329673767089844
1.59375,1.8043975830078125
1.625,1.87347412109375
1.65625,1.9425506591796875
1.6875,2.0092735290527344
1.71875,2.073794364929199
1.75,2.136251211166382
1.78125,2.196769416332245
1.8125,2.257287621498108
1.84375,2.3158671855926514
1.875,2.372633457183838
1.90625,2.427699089050293
1.9375,2.4811649322509766
1.96875,2.53463077545166
2.0,2.5864968299865723
2.03125,2.636863946914673
2.0625,2.6858211755752563
2.09375,2.7334466576576233
2.125,2.7810721397399902
2.15625,2.8273658752441406
2.1875,2.872406005859375
2.21875,2.916259765625
2.25,2.958984375
2.28125,3.001708984375
2.3125,3.043304443359375
2.34375,3.0838279724121094
2.375,3.1233267784118652
2.40625,3.161838948726654
2.4375,3.200351119041443
2.46875,3.2378766536712646
2.5,3.274453639984131
2.53125,3.3101110458374023
2.5625,3.344869613647461
2.59375,3.3796281814575195
2.625,3.4134879112243652
2.65625,3.44646954536438
2.6875,3.4785856008529663
2.71875,3.50984126329422
2.75,3.5410969257354736
2.78125,3.5714921951293945
2.8125,3.601032257080078
2.84375,3.6297149658203125
2.875,3.65753173828125
2.90625,3.6853485107421875
2.9375,3.712299346923828
2.96875,3.738375663757324
3.0,3.7635624408721924
3.03125,3.787839114665985
3.0625,3.812115788459778
3.09375,3.835482358932495
3.125,3.8579182624816895
3.15625,3.879397392272949
3.1875,3.8998889923095703
3.21875,3.9203805923461914
3.25,3.939884662628174
3.28125,3.9583704471588135
3.3125,3.9758025407791138
3.34375,3.9921417832374573
3.375,4.008481025695801
3.40625,4.0237274169921875
3.4375,4.037841796875
3.46875,4.05078125
3.5,4.0625
3.53125,4.07421875
3.5625,4.084716796875
3.59375,4.0939483642578125
3.625,4.101864814758301
3.65625,4.1084155440330505
3.6875,4.1149662733078
3.71875,4.1201512813568115
3.75,4.12391996383667
3.78125,4.126219749450684
3.8125,4.126996994018555
3.84375,4.127774238586426
3.875,4.127028942108154
3.90625,4.124707460403442
3.9375,4.120755076408386
3.96875,4.115116894245148
4.0,4.109478712081909
4.03125,4.102154731750488
4.0625,4.093090057373047
4.09375,4.0822296142578125
4.125,4.06951904296875
4.15625,4.0568084716796875
4.1875,4.042247772216797
4.21875,4.025782585144043
4.25,4.007359266281128
4.28125,3.986925780773163
4.3125,3.9664922952651978
4.34375,3.9440486431121826
4.375,3.9195427894592285
4.40625,3.8929243087768555
4.4375,3.864145278930664
4.46875,3.8353662490844727
4.5,3.804426670074463
4.53125,3.7712786197662354
4.5625,3.735876679420471
4.59375,3.6981788277626038
4.625,3.6604809761047363
4.65625,3.6204872131347656
4.6875,3.578155517578125
4.71875,3.533447265625
4.75,3.486328125
4.78125,3.439208984375
4.8125,3.389678955078125
4.84375,3.3377037048339844
4.875,3.2832531929016113
4.90625,3.2263025641441345
4.9375,3.1693519353866577
4.96875,3.109901189804077
5.0,3.0479254722595215
5.03125,2.983405113220215
5.0625,2.9163265228271484
5.09375,2.849247932434082
5.125,2.779611110687256
5.15625,2.707402467727661
5.1875,2.632614493370056
5.21875,2.555246651172638
5.25,2.4778788089752197
5.28125,2.3979310989379883
5.3125,2.3154029846191406
5.34375,2.2303009033203125
5.375,2.14263916015625
5.40625,2.0549774169921875
5.4375,1.9647560119628906
5.46875,1.8719892501831055
5.5,1.7766993045806885
5.53125,1.678917109966278
5.5625,1.5811349153518677
5.59375,1.4808604717254639
5.625,1.378124713897705
5.65625,1.2729673385620117
5.6875,1.1654376983642578
5.71875,1.057908058166504
5.75,0.9480061531066895
5.78125,0.8357813358306885
5.8125,0.7212926149368286
5.84375,0.6046095490455627
5.875,0.4879264831542969
5.90625,0.369049072265625
5.9375,0.248046875
5.96875,0.125
6.0,0.0
