x,y
7.6168,1.8029
7.497275,1.77600625
7.36942421875,1.755903125
7.234744580078125,1.742670458984375
7.094619178771973,1.7363463287353516
6.950322111797333,1.7369269059181212
6.8030235174417495,1.744367192494869
6.653794731622189,1.758582474806532
6.503613486383646,1.7794503509614614
6.353432241145102,1.8003182271163907
6.202298536487575,1.8278386971145864
6.05119010445606,1.8618893590643997
5.900991073223576,1.9023101228415962
5.75249716558978,1.9489052374780174
5.606420939670503,2.0014458918571467
5.463396996805072,2.0596732433557507
5.323987097495794,2.123301748371124
5.184577198186517,2.186930253386497
5.048781342433393,2.25595991191864
4.917161290738731,2.330105180364847
4.790205962767825,2.4090538141429425
4.668336553288437,2.4924701982185242
4.551911556142476,2.5799989795178173
4.441231637064228,2.671268875165656
4.336544311947167,2.76589654978849
4.231856986830104,2.8605242244113236
4.133162255674229,2.958509678009152
4.0407076343730095,3.059469575208425
3.9546874889791015,3.1630085281372065
3.875247713971138,3.2687229737281798
3.802490215969086,3.37620512008667
3.7364771595001223,3.4850468551635743
3.6772349472045898,3.594843530273437
3.6179927349090577,3.7046402053833
3.5655213667869567,3.8153918205261226
3.5198472454786303,3.926693727016448
3.4809610117375853,4.03814473953247
3.4488215246364478,4.149350919634102
3.4233595762129876,4.259929234126209
3.404481312945765,4.3695110008072096
3.392071352236509,4.477745053443684
3.3796613915272524,4.585979106080159
3.373719733375963,4.692865444672107
3.3741309951843697,4.798052902986109
3.380758265277371,4.901207830756903
3.3934462193854156,5.002017258661985
3.412023932133615,5.1001917825222005
3.4363073717147117,5.195468098568916
3.466101581710577,5.287611140918731
3.4958957917064426,5.379754183268547
3.531200772117078,5.4687639519214635
3.5718215665243562,5.554405380994082
3.6175522938992826,5.6364716424882415
3.6681783304234967,5.714786283765734
3.7234781784593127,5.7892049672305586
3.783225026632985,5.859616763359681
3.8471880207834532,5.92594496752359
3.911151014933921,5.992273171687499
3.9793301550611853,6.054517783886195
4.051494587004185,6.112602099490166
4.127409413814545,6.166483638763428
4.206836966705323,6.216154963684082
4.2895377868652345,6.261644018554687
4.375271337890625,6.30301396484375
4.463796484375,6.3403625
4.552321630859375,6.377711035156251
4.643638372802734,6.411038159179688
4.7375055747985835,6.440441569519043
4.8336815024375905,6.466053499603271
4.931924300897121,6.48804003765583
5.0319922396883365,6.5065999294817445
5.133643759100698,6.521962854969129
5.2366373696712545,6.534387187347188
5.339630980241811,6.546811519725248
5.443966681970562,6.556297258993983
5.5494029853945595,6.5631027783826
5.655698471298441,6.567515144461393
5.762611690183729,6.569847876399756
5.869900914762915,6.570438187980652
5.97732379680574,6.5696437214136125
6.084636995452643,6.567838801288604
6.191950194099546,6.566033881163596
6.299153709350526,6.56321850748062
6.406004200346023,6.559767004829644
6.512257333597168,6.556070380181073
6.6176674112992355,6.552532576839625
6.721986971112247,6.54956624853909
6.824966424523712,6.547588082020357
6.9263538166960466,6.547013715735449
7.02774120886838,6.546439349450543
7.127536539801582,6.5472687833994625
7.225487854658067,6.549917656034231
7.321340832275152,6.554800557518005
7.414838545012474,6.562325948429108
7.505721340084075,6.572890674591065
7.593726925277709,6.586874125671387
7.678590757751463,6.604632104492188
7.7634545902252174,6.622390083312989
7.845176669979093,6.643922589874268
7.923492454171178,6.66958542699814
7.998135149329898,6.699710810661317
8.068836100150643,6.734601239305736
8.135325481369716,6.774523073861004
8.197333391405733,6.819699895421788
8.254591462246118,6.870305726823584
8.311849533086502,6.920911558225379
8.364357764731254,6.976946399468185
8.4118477891678,7.038584273387492
8.454052771952377,7.105949644559622
8.490709022096544,7.179110640877486
8.521558118198811,7.258072139024735
8.546349665299058,7.342768800091744
8.564844812721015,7.433058160877229
8.583339960142972,7.523347521662713
8.595538707886638,7.619229582166673
8.601202205275746,7.720561879187823
8.600103145917878,7.827124825233222
8.592029285546952,7.938614799819887
8.576787720853744,8.05463729646206
8.554210059569732,8.174700230887904
8.52415862785706,8.298207535329833
8.49410719614439,8.421714839771761
8.45658199400306,8.548666514229772
8.411445347595215,8.678466490936279
8.358590301513672,8.810414718627928
8.297946826171875,8.943700756835938
8.2294890625,9.07739765625
8.153243750000001,9.21045625
8.0693,9.3417
