x,y
2.9255,1.7041
2.676475,1.9824249999999999
2.484871875,2.2778390625
2.348159375,2.5827892578125002
2.2631310546875,2.890390185546875
2.2260351074218745,3.194523522949219
2.1889391601562496,3.4986568603515624
2.1997755859374997,3.7993226074218747
2.2547925781249996,4.090402441406249
2.3496929687499994,4.366545117187499
2.4797640624999997,4.623266015624999
2.60983515625,4.879986914062499
2.7750769531249997,5.1172860351562495
2.9707767578124997,5.330678759765624
3.1918063476562497,5.516547094726562
3.432751806640625,5.672239221191406
3.673697265625,5.827931347656249
3.9345585937500003,5.953447265624999
4.209921875,6.046135156249999
4.4940875,6.104309375
4.7812,6.12735
5.0683125,6.150390625
5.358371875,6.13829765625
5.64552265625,6.090451171874999
5.923753515625,6.00729697265625
6.1870270996093755,5.890446130371094
6.450300683593751,5.773595288085938
6.6986169921875005,5.623047802734375
6.9259386718750005,5.44041474609375
7.12620234375,5.2284724609375
7.2934484375,4.9912621093750005
7.460694531250001,4.7540517578125
7.594923046875,4.49157333984375
7.690174414062501,4.207868017578125
7.74059287109375,3.9082417724609373
7.740556298828125,3.5993649536132812
7.7405197265625,3.290488134765625
7.6900281249999995,2.9723607421875
7.583459375,2.651653125
7.415425000000001,2.3364000000000003
7.1809,2.0361
