x,y
0.0,0.0
0.015625,0.0625
0.03125,0.124267578125
0.046875,0.18529129028320312
0.0625,0.24631500244140625
0.078125,0.3065948486328125
0.09375,0.366119384765625
0.109375,0.4256439208984375
0.125,0.48441314697265625
0.140625,0.5424156188964844
0.15625,0.6004180908203125
0.171875,0.65765380859375
0.1875,0.714111328125
0.203125,0.77056884765625
0.21875,0.8262481689453125
0.234375,0.8811378479003906
0.25,0.9360275268554688
0.265625,0.9901275634765625
0.28125,1.043426513671875
0.296875,1.0967254638671875
0.3125,1.1492233276367188
0.328125,1.2009086608886719
0.34375,1.252593994140625
0.359375,1.303466796875
0.375,1.353515625
0.390625,1.403564453125
0.40625,1.452789306640625
0.421875,1.5011787414550781
0.4375,1.5495681762695312
0.453125,1.5971221923828125
0.46875,1.643829345703125
0.484375,1.6905364990234375
0.5,1.7363967895507812
0.515625,1.7813987731933594
0.53125,1.8264007568359375
0.546875,1.87054443359375
0.5625,1.913818359375
0.578125,1.95709228515625
0.59375,1.9994964599609375
0.609375,2.0410194396972656
0.625,2.0825424194335938
0.640625,2.1231842041015625
0.65625,2.162933349609375
0.671875,2.2026824951171875
0.6875,2.2415390014648438
0.703125,2.279491424560547
0.71875,2.31744384765625
0.734375,2.3544921875
0.75,2.390625
0.765625,2.4267578125
0.78125,2.46197509765625
0.796875,2.496265411376953
0.8125,2.5305557250976562
0.828125,2.5639190673828125
0.84375,2.596343994140625
0.859375,2.6287689208984375
0.875,2.6602554321289062
0.890625,2.6907920837402344
0.90625,2.7213287353515625
0.921875,2.75091552734375
0.9375,2.779541015625
0.953125,2.80816650390625
0.96875,2.8358306884765625
0.984375,2.8625221252441406
1.0,2.8892135620117188
1.015625,2.9149322509765625
1.03125,2.939666748046875
1.046875,2.9644012451171875
1.0625,2.9881515502929688
1.078125,3.010906219482422
1.09375,3.033660888671875
1.109375,3.055419921875
1.125,3.076171875
1.140625,3.096923828125
1.15625,3.116668701171875
1.171875,3.135395050048828
1.1875,3.1541213989257812
1.203125,3.1718292236328125
1.21875,3.188507080078125
1.234375,3.2051849365234375
1.25,3.2208328247070312
1.265625,3.2354393005371094
1.28125,3.2500457763671875
1.296875,3.26361083984375
1.3125,3.276123046875
1.328125,3.28863525390625
1.34375,3.3000946044921875
1.359375,3.3104896545410156
1.375,3.3208847045898438
1.390625,3.3302154541015625
1.40625,3.338470458984375
1.421875,3.3467254638671875
1.4375,3.3539047241210938
1.453125,3.359996795654297
1.46875,3.3660888671875
1.484375,3.37109375
1.5,3.375
1.515625,3.37890625
1.53125,3.3817138671875
1.546875,3.383411407470703
1.5625,3.3851089477539062
1.578125,3.3856964111328125
1.59375,3.385162353515625
1.609375,3.3846282958984375
1.625,3.3829727172851562
1.640625,3.3801841735839844
1.65625,3.3773956298828125
1.671875,3.37347412109375
1.6875,3.368408203125
1.703125,3.36334228515625
1.71875,3.3571319580078125
1.734375,3.3497657775878906
1.75,3.3423995971679688
1.765625,3.3338775634765625
1.78125,3.324188232421875
1.796875,3.3144989013671875
1.8125,3.3036422729492188
1.828125,3.291606903076172
1.84375,3.279571533203125
1.859375,3.266357421875
1.875,3.251953125
1.890625,3.237548828125
1.90625,3.221954345703125
1.921875,3.205158233642578
1.9375,3.1883621215820312
1.953125,3.1703643798828125
1.96875,3.151153564453125
1.984375,3.1319427490234375
2.0,3.1115188598632812
2.015625,3.0898704528808594
2.03125,3.0682220458984375
2.046875,3.04534912109375
2.0625,3.021240234375
2.078125,2.99713134765625
2.09375,2.9717864990234375
2.109375,2.9451942443847656
2.125,2.9186019897460938
2.140625,2.8907623291015625
2.15625,2.861663818359375
2.171875,2.8325653076171875
2.1875,2.8022079467773438
2.203125,2.770580291748047
2.21875,2.73895263671875
2.234375,2.7060546875
2.25,2.671875
2.265625,2.6376953125
2.28125,2.60223388671875
2.296875,2.565479278564453
2.3125,2.5287246704101562
2.328125,2.4906768798828125
2.34375,2.451324462890625
2.359375,2.4119720458984375
2.375,2.3713150024414062
2.390625,2.3293418884277344
2.40625,2.2873687744140625
2.421875,2.24407958984375
2.4375,2.199462890625
2.453125,2.15484619140625
2.46875,2.1089019775390625
2.484375,2.0616188049316406
2.5,2.0143356323242188
2.515625,1.9657135009765625
2.53125,1.915740966796875
2.546875,1.8657684326171875
2.5625,1.8144454956054688
2.578125,1.7617607116699219
2.59375,1.709075927734375
2.609375,1.655029296875
2.625,1.599609375
2.640625,1.544189453125
2.65625,1.487396240234375
2.671875,1.4292182922363281
2.6875,1.3710403442382812
2.703125,1.3114776611328125
2.71875,1.250518798828125
2.734375,1.1895599365234375
2.75,1.1272048950195312
2.765625,1.0634422302246094
2.78125,0.9996795654296875
2.796875,0.93450927734375
2.8125,0.867919921875
2.828125,0.80133056640625
2.84375,0.7333221435546875
2.859375,0.6638832092285156
2.875,0.5944442749023438
2.890625,0.5235748291015625
2.90625,0.451263427734375
2.921875,0.3789520263671875
2.9375,0.30519866943359375
2.953125,0.22999191284179688
2.96875,0.15478515625
2.984375,0.078125
3.0,0.0
