x,y
2.9255,1.7041
2.42745,2.26075
2.1590875,2.88575625
2.1001624999999997,3.5186953125
2.2196218749999996,4.10982421875
2.4797640624999997,4.623266015624999
2.7399062499999998,5.136707812499999
3.14073125,5.572462499999999
3.6445374999999998,5.894653125
4.206975,6.08126875
4.7812,6.12735
5.355425,6.17343125
5.9414375,6.078978125
6.49239375,5.83903125
6.95895625,5.4656828125
7.2934484375,4.9912621093750005
7.627940625,4.51684140625
7.8303625,3.9413484375
7.8530375,3.2971125
7.6499500000000005,2.6367000000000003
7.1809,2.0361
