x,y
7.6168,1.8029
7.1387,1.695325
6.5273875,1.6964
5.878665625,1.8112343749999997
5.259197265625,2.03424765625
4.711452246093749,2.34901806640625
4.25950615234375,2.7317491699218746
3.914203796386719,3.155656829833984
3.6772349472045898,3.594843530273437
3.440266098022461,4.03403023071289
3.3116307556152345,4.488495971679687
3.293018688964844,4.932343237304687
3.3769646240234374,5.3405611328125
3.550923974609375,5.69289970703125
3.80026083984375,5.977231640625
4.1096958984375,6.190968359375001
4.463796484375,6.3403625
4.8178970703125,6.489756640625
5.2166631835937505,6.574808203125
5.644662158203126,6.60176982421875
6.086307983398438,6.5857353515625
6.526351379394532,6.549942309570312
6.949412054443359,6.5229607177734374
7.339135427856444,6.533600189208984
7.678590757751463,6.604632104492188
8.018046087646482,6.675664019775391
8.307233374023436,6.807088378906251
8.529221875,7.021676562500001
8.6665046875,7.336161718750001
8.701396875,7.7549609375
8.617675,8.2627125
8.405075,8.816725
8.0693,9.3417
