x,y
7.1058,8.1196
7.43245,7.779675
7.681315625,7.435176562500001
7.8606943359375006,7.0980388671875
7.979860131835938,6.7771033203125
8.048204602050781,6.478455780029297
8.074670402526856,6.205853664398193
8.067405115032196,5.961175849103927
8.033577447241544,5.744853333628177
7.979309656452387,5.556256436969339
7.909690103504154,5.394026615411695
7.840070550555922,5.23179679385405
7.755099235448614,5.0959340473975985
7.65986451902166,4.985079832326621
7.558420865656435,4.897146742211282
7.453801397195459,4.829650325676798
7.348110577064753,4.7799855262219895
7.242660931169986,4.745635836589335
7.138127735924721,4.724315591597556
7.034703726434707,4.714052703809737
6.932242272281647,4.713222414302825
6.829780818128586,4.7123921247959135
6.728281919312478,4.720994433569908
6.62759894541502,4.737404581701755
6.5272459004938606,4.760345138782262
6.426540598866344,4.788919753685593
6.324736308492721,4.822597920440137
6.221130309402198,4.861161331466585
6.115144209024683,4.904625658341869
6.006375522464327,4.953151255571283
5.8946231365540065,5.00695416398337
5.782870750643685,5.060757072395457
5.6681346653833975,5.119837291990219
5.550213767606019,5.1844108635962
5.429108315873146,5.254749514365194
5.305045404529571,5.331091661167143
5.178478311538696,5.4135537136077865
5.050062348937988,5.50205305328369
4.92061294555664,5.596251947021484
4.791053247070312,5.695527758789062
4.66235869140625,5.798970996093749
4.533664135742187,5.902414233398437
4.405834722900391,6.010024896240234
4.279845890808106,6.120893492126465
4.156725369644166,6.233823672103882
4.037497757244111,6.34733027715683
3.923126069855691,6.459665219092369
3.8144577262580404,6.568872731727362
3.712182596196235,6.6728716993197805
3.6168095345269897,6.769559004500136
3.5286654032968925,6.856925975836721
3.4405212720667953,6.944292947173306
3.359606071275846,7.02233958466612
3.2862466629706333,7.089057216883452
3.2205879163876183,7.1425316183313745
3.162591730031372,7.181059457018973
3.112058541685344,7.2032778416574015
3.0686753285765658,7.208299048626424
3.032091680741311,7.195840646719934
3.002021901845933,7.166341278123857
2.978366426181794,7.121056135463716
2.954710950517655,7.075770992803575
2.937469778084756,7.01470007607937
2.9265433431744583,6.9390985779166225
2.9220182107031354,6.851038241380453
2.9242884932070976,6.75350283702314
2.934196584011615,6.650463336001337
2.9531864952929325,6.546926819100231
2.983458424216882,6.448956942885742
3.0281074680598454,6.363671306531691
3.0912228430734014,6.2992341645143
3.154338218086958,6.23479702249691
3.2359199242711068,6.1912083748161795
3.3400571778774264,6.176632475948335
3.4718333141326903,6.200280235671998
3.6374250061035154,6.272401931762696
3.8441619873046875,6.404275268554687
4.1005236328125,6.6082072265625
4.4160421875,6.89758125
4.801075,7.287
5.2664,7.7926
