x,y
0.0,-2.0
0.015625,-1.9375
0.031494140625,-1.876953125
0.04759979248046875,-1.8183059692382812
0.0637054443359375,-1.7596588134765625
0.080047607421875,-1.702911376953125
0.09661865234375,-1.64801025390625
0.113189697265625,-1.593109130859375
0.1299896240234375,-1.5400543212890625
0.14701080322265625,-1.4887924194335938
0.164031982421875,-1.437530517578125
0.1812744140625,-1.3880615234375
0.19873046875,-1.34033203125
0.2161865234375,-1.2926025390625
0.233856201171875,-1.246612548828125
0.25173187255859375,-1.2023086547851562
0.2696075439453125,-1.1580047607421875
0.287689208984375,-1.115386962890625
0.30596923828125,-1.07440185546875
0.324249267578125,-1.033416748046875
0.3427276611328125,-0.9940643310546875
0.36139678955078125,-0.9562911987304688
0.38006591796875,-0.91851806640625
0.39892578125,-0.88232421875
0.41796875,-0.84765625
0.43701171875,-0.81298828125
0.45623779296875,-0.77984619140625
0.47563934326171875,-0.7481765747070312
0.4950408935546875,-0.7165069580078125
0.514617919921875,-0.686309814453125
0.53436279296875,-0.65753173828125
0.554107666015625,-0.628753662109375
0.5740203857421875,-0.6013946533203125
0.5940933227539062,-0.5754013061523438
0.614166259765625,-0.549407958984375
0.6343994140625,-0.5247802734375
0.65478515625,-0.50146484375
0.6751708984375,-0.4781494140625
0.695709228515625,-0.456146240234375
0.7163925170898438,-0.43540191650390625
0.7370758056640625,-0.4146575927734375
0.757904052734375,-0.395172119140625
0.77886962890625,-0.37689208984375
0.799835205078125,-0.358612060546875
0.8209381103515625,-0.3415374755859375
0.8421707153320312,-0.32561492919921875
0.8634033203125,-0.3096923828125
0.884765625,-0.294921875
0.90625,-0.28125
0.927734375,-0.267578125
0.9493408203125,-0.2550048828125
0.9710617065429688,-0.24347686767578125
0.9927825927734375,-0.2319488525390625
1.014617919921875,-0.221466064453125
1.03656005859375,-0.21197509765625
1.058502197265625,-0.202484130859375
1.0805511474609375,-0.1939849853515625
1.1026992797851562,-0.18642425537109375
1.124847412109375,-0.178863525390625
1.1470947265625,-0.1722412109375
1.16943359375,-0.16650390625
1.1917724609375,-0.1607666015625
1.214202880859375,-0.155914306640625
1.2367172241210938,-0.15189361572265625
1.2592315673828125,-0.1478729248046875
1.281829833984375,-0.144683837890625
1.30450439453125,-0.14227294921875
1.327178955078125,-0.139862060546875
1.3499298095703125,-0.1382293701171875
1.3727493286132812,-0.13732147216796875
1.39556884765625,-0.13641357421875
1.41845703125,-0.13623046875
1.44140625,-0.13671875
1.46435546875,-0.13720703125
1.48736572265625,-0.13836669921875
1.5104293823242188,-0.14014434814453125
1.5334930419921875,-0.1419219970703125
1.556610107421875,-0.144317626953125
1.57977294921875,-0.14727783203125
1.602935791015625,-0.150238037109375
1.6261444091796875,-0.1537628173828125
1.6493911743164062,-0.15779876708984375
1.672637939453125,-0.161834716796875
1.6959228515625,-0.1663818359375
1.71923828125,-0.17138671875
1.7425537109375,-0.1763916015625
1.765899658203125,-0.181854248046875
1.7892684936523438,-0.18772125244140625
1.8126373291015625,-0.1935882568359375
1.836029052734375,-0.199859619140625
1.85943603515625,-0.20648193359375
1.882843017578125,-0.213104248046875
1.9062652587890625,-0.2200775146484375
1.9296951293945312,-0.22734832763671875
1.953125,-0.234619140625
1.9765625,-0.2421875
2.0,-0.25
2.0234375,-0.2578125
2.046875,-0.265869140625
2.0703048706054688,-0.27411651611328125
2.0937347412109375,-0.2823638916015625
2.117156982421875,-0.290802001953125
2.14056396484375,-0.29937744140625
2.163970947265625,-0.307952880859375
2.1873626708984375,-0.3166656494140625
2.2107315063476562,-0.32546234130859375
2.234100341796875,-0.334259033203125
2.2574462890625,-0.3431396484375
2.28076171875,-0.35205078125
2.3040771484375,-0.3609619140625
2.327362060546875,-0.369903564453125
2.3506088256835938,-0.37882232666015625
2.3738555908203125,-0.3877410888671875
2.397064208984375,-0.396636962890625
2.42022705078125,-0.40545654296875
2.443389892578125,-0.414276123046875
2.4665069580078125,-0.4230194091796875
2.4895706176757812,-0.43163299560546875
2.51263427734375,-0.44024658203125
2.53564453125,-0.44873046875
2.55859375,-0.45703125
2.58154296875,-0.46533203125
2.60443115234375,-0.47344970703125
2.6272506713867188,-0.48133087158203125
2.6500701904296875,-0.4892120361328125
2.672821044921875,-0.496856689453125
2.69549560546875,-0.50421142578125
2.718170166015625,-0.511566162109375
2.7407684326171875,-0.5186309814453125
2.7632827758789062,-0.5253524780273438
2.785797119140625,-0.532073974609375
2.8082275390625,-0.5384521484375
2.83056640625,-0.54443359375
2.8529052734375,-0.5504150390625
2.875152587890625,-0.555999755859375
2.8973007202148438,-0.5611343383789062
2.9194488525390625,-0.5662689208984375
2.941497802734375,-0.570953369140625
2.96343994140625,-0.57513427734375
2.985382080078125,-0.579315185546875
3.0072174072265625,-0.5829925537109375
3.0289382934570312,-0.5861129760742188
3.0506591796875,-0.5892333984375
3.072265625,-0.591796875
3.09375,-0.59375
3.115234375,-0.595703125
3.1365966796875,-0.5970458984375
3.1578292846679688,-0.5977249145507812
3.1790618896484375,-0.5984039306640625
3.200164794921875,-0.598419189453125
3.22113037109375,-0.59771728515625
3.242095947265625,-0.597015380859375
3.2629241943359375,-0.5955963134765625
3.2836074829101562,-0.5934066772460938
3.304290771484375,-0.591217041015625
3.3248291015625,-0.5882568359375
3.34521484375,-0.58447265625
3.3656005859375,-0.5806884765625
3.385833740234375,-0.576080322265625
3.4059066772460938,-0.5705947875976562
3.4259796142578125,-0.5651092529296875
3.445892333984375,-0.558746337890625
3.46563720703125,-0.55145263671875
3.485382080078125,-0.544158935546875
3.5049591064453125,-0.5359344482421875
3.5243606567382812,-0.5267257690429688
3.54376220703125,-0.51751708984375
3.56298828125,-0.50732421875
3.58203125,-0.49609375
3.60107421875,-0.48486328125
3.61993408203125,-0.47259521484375
3.6386032104492188,-0.45923614501953125
3.6572723388671875,-0.4458770751953125
3.675750732421875,-0.431427001953125
3.69403076171875,-0.41583251953125
3.712310791015625,-0.400238037109375
3.7303924560546875,-0.3834991455078125
3.7482681274414062,-0.36556243896484375
3.766143798828125,-0.347625732421875
3.7838134765625,-0.3284912109375
3.80126953125,-0.30810546875
3.8187255859375,-0.2877197265625
3.835968017578125,-0.266082763671875
3.8529891967773438,-0.24314117431640625
3.8700103759765625,-0.2201995849609375
3.886810302734375,-0.195953369140625
3.90338134765625,-0.17034912109375
3.919952392578125,-0.144744873046875
3.9362945556640625,-0.1177825927734375
3.9524002075195312,-0.08940887451171875
3.968505859375,-0.06103515625
3.984375,-0.03125
4.0,0.0
